-2	-2	0
-2	-1.9375	0
-2	-1.875	0
-2	-1.8125	0
-2	-1.75	0
-2	-1.6875	0
-2	-1.625	0
-2	-1.5625	0
-2	-1.5	0
-2	-1.4375	0
-2	-1.375	0
-2	-1.3125	0
-2	-1.25	0
-2	-1.1875	0
-2	-1.125	0
-2	-1.0625	0
-2	-1	0
-2	-0.9375	0
-2	-0.875	0
-2	-0.8125	0
-2	-0.75	0
-2	-0.6875	0
-2	-0.625	0
-2	-0.5625	0
-2	-0.5	0
-2	-0.4375	0
-2	-0.375	0
-2	-0.3125	0
-2	-0.25	0
-2	-0.1875	0
-2	-0.125	0
-2	-0.0625	0
-2	0	0
-2	0.0625	0
-2	0.125	0
-2	0.1875	0
-2	0.25	0
-2	0.3125	0
-2	0.375	0
-2	0.4375	0
-2	0.5	0
-2	0.5625	0
-2	0.625	0
-2	0.6875	0
-2	0.75	0
-2	0.8125	0
-2	0.875	0
-2	0.9375	0
-2	1	0
-2	1.0625	0
-2	1.125	0
-2	1.1875	0
-2	1.25	0
-2	1.3125	0
-2	1.375	0
-2	1.4375	0
-2	1.5	0
-2	1.5625	0
-2	1.625	0
-2	1.6875	0
-2	1.75	0
-2	1.8125	0
-2	1.875	0
-2	1.9375	0
-2	2	0
-1.9375	-2	0
-1.9375	-1.9375	0
-1.9375	-1.875	7.23221e-06
-1.9375	-1.8125	7.23221e-06
-1.9375	-1.75	0.000122204
-1.9375	-1.6875	0.000122204
-1.9375	-1.625	0.000129232
-1.9375	-1.5625	0.000129232
-1.9375	-1.5	0.000263854
-1.9375	-1.4375	0.000263854
-1.9375	-1.375	0.000272087
-1.9375	-1.3125	0.000272087
-1.9375	-1.25	0.000442049
-1.9375	-1.1875	0.000442049
-1.9375	-1.125	0.000451923
-1.9375	-1.0625	0.000451923
-1.9375	-1	0.00066697
-1.9375	-0.9375	0.00066697
-1.9375	-0.875	0.000678176
-1.9375	-0.8125	0.000678176
-1.9375	-0.75	0.000933544
-1.9375	-0.6875	0.000933544
-1.9375	-0.625	0.000944807
-1.9375	-0.5625	0.000944807
-1.9375	-0.5	0.00120877
-1.9375	-0.4375	0.00120877
-1.9375	-0.375	0.00121787
-1.9375	-0.3125	0.00121787
-1.9375	-0.25	0.00142606
-1.9375	-0.1875	0.00142606
-1.9375	-0.125	0.00143053
-1.9375	-0.0625	0.00143053
-1.9375	0	0.00150993
-1.9375	0.0625	0.00150993
-1.9375	0.125	0.00150832
-1.9375	0.1875	0.00150832
-1.9375	0.25	0.00142577
-1.9375	0.3125	0.00142577
-1.9375	0.375	0.00141863
-1.9375	0.4375	0.00141863
-1.9375	0.5	0.00120832
-1.9375	0.5625	0.00120832
-1.9375	0.625	0.00119783
-1.9375	0.6875	0.00119783
-1.9375	0.75	0.000933129
-1.9375	0.8125	0.000933129
-1.9375	0.875	0.000921722
-1.9375	0.9375	0.000921722
-1.9375	1	0.000666675
-1.9375	1.0625	0.000666675
-1.9375	1.125	0.000656101
-1.9375	1.1875	0.000656101
-1.9375	1.25	0.000441877
-1.9375	1.3125	0.000441877
-1.9375	1.375	0.000432881
-1.9375	1.4375	0.000432881
-1.9375	1.5	0.000263769
-1.9375	1.5625	0.000263769
-1.9375	1.625	0.000256265
-1.9375	1.6875	0.000256265
-1.9375	1.75	0.000122173
-1.9375	1.8125	0.000122173
-1.9375	1.875	0.00011534
-1.9375	1.9375	0.00011534
-1.9375	2	0.00011534
-1.875	-2	0
-1.875	-1.9375	7.23221e-06
-1.875	-1.875	1.44644e-05
-1.875	-1.8125	0.000129436
-1.875	-1.75	0.000244408
-1.875	-1.6875	0.000251436
-1.875	-1.625	0.000258464
-1.875	-1.5625	0.000393086
-1.875	-1.5	0.000527708
-1.875	-1.4375	0.000535941
-1.875	-1.375	0.000544174
-1.875	-1.3125	0.000714136
-1.875	-1.25	0.000884097
-1.875	-1.1875	0.000893971
-1.875	-1.125	0.000903845
-1.875	-1.0625	0.00111889
-1.875	-1	0.00133394
-1.875	-0.9375	0.00134515
-1.875	-0.875	0.00135635
-1.875	-0.8125	0.00161172
-1.875	-0.75	0.00186709
-1.875	-0.6875	0.00187835
-1.875	-0.625	0.00188961
-1.875	-0.5625	0.00215357
-1.875	-0.5	0.00241753
-1.875	-0.4375	0.00242663
-1.875	-0.375	0.00243573
-1.875	-0.3125	0.00264392
-1.875	-0.25	0.00285212
-1.875	-0.1875	0.00285658
-1.875	-0.125	0.00286105
-1.875	-0.0625	0.00294045
-1.875	0	0.00301985
-1.875	0.0625	0.00301824
-1.875	0.125	0.00301664
-1.875	0.1875	0.00293408
-1.875	0.25	0.00285153
-1.875	0.3125	0.0028444
-1.875	0.375	0.00283727
-1.875	0.4375	0.00262696
-1.875	0.5	0.00241665
-1.875	0.5625	0.00240615
-1.875	0.625	0.00239565
-1.875	0.6875	0.00213096
-1.875	0.75	0.00186626
-1.875	0.8125	0.00185485
-1.875	0.875	0.00184344
-1.875	0.9375	0.0015884
-1.875	1	0.00133335
-1.875	1.0625	0.00132278
-1.875	1.125	0.0013122
-1.875	1.1875	0.00109798
-1.875	1.25	0.000883753
-1.875	1.3125	0.000874758
-1.875	1.375	0.000865763
-1.875	1.4375	0.000696651
-1.875	1.5	0.000527539
-1.875	1.5625	0.000520035
-1.875	1.625	0.000512531
-1.875	1.6875	0.000378439
-1.875	1.75	0.000244347
-1.875	1.8125	0.000237514
-1.875	1.875	0.000230681
-1.875	1.9375	0.00011534
-1.875	2	0
-1.8125	-2	0
-1.8125	-1.9375	7.23221e-06
-1.8125	-1.875	0.000128723
-1.8125	-1.8125	0.000243695
-1.8125	-1.75	0.000365681
-1.8125	-1.6875	0.000372709
-1.8125	-1.625	0.000514627
-1.8125	-1.5625	0.000649249
-1.8125	-1.5	0.000792653
-1.8125	-1.4375	0.000800886
-1.8125	-1.375	0.000980001
-1.8125	-1.3125	0.00114996
-1.8125	-1.25	0.00133126
-1.8125	-1.1875	0.00134114
-1.8125	-1.125	0.00156823
-1.8125	-1.0625	0.00178328
-1.8125	-1	0.00201261
-1.8125	-0.9375	0.00202381
-1.8125	-0.875	0.0022945
-1.8125	-0.8125	0.00254987
-1.8125	-0.75	0.00282167
-1.8125	-0.6875	0.00283294
-1.8125	-0.625	0.00311438
-1.8125	-0.5625	0.00337834
-1.8125	-0.5	0.00365826
-1.8125	-0.4375	0.00366736
-1.8125	-0.375	0.0038919
-1.8125	-0.3125	0.0041001
-1.8125	-0.25	0.00431947
-1.8125	-0.1875	0.00432393
-1.8125	-0.125	0.00441362
-1.8125	-0.0625	0.00449302
-1.8125	0	0.00457477
-1.8125	0.0625	0.00457316
-1.8125	0.125	0.00449094
-1.8125	0.1875	0.00440839
-1.8125	0.25	0.00431842
-1.8125	0.3125	0.00431129
-1.8125	0.375	0.00409155
-1.8125	0.4375	0.00388124
-1.8125	0.5	0.00365669
-1.8125	0.5625	0.0036462
-1.8125	0.625	0.00336619
-1.8125	0.6875	0.00310149
-1.8125	0.75	0.00282023
-1.8125	0.8125	0.00280882
-1.8125	0.875	0.00253714
-1.8125	0.9375	0.00228209
-1.8125	1	0.00201161
-1.8125	1.0625	0.00200103
-1.8125	1.125	0.00177187
-1.8125	1.1875	0.00155764
-1.8125	1.25	0.0013307
-1.8125	1.3125	0.0013217
-1.8125	1.375	0.00114052
-1.8125	1.4375	0.000971409
-1.8125	1.5	0.00079238
-1.8125	1.5625	0.000784876
-1.8125	1.625	0.000641545
-1.8125	1.6875	0.000507453
-1.8125	1.75	0.000365582
-1.8125	1.8125	0.000358749
-1.8125	1.875	0.000236805
-1.8125	1.9375	0.000121464
-1.8125	2	6.12367e-06
-1.75	-2	0
-1.75	-1.9375	0.000121491
-1.75	-1.875	0.000242982
-1.75	-1.8125	0.000364968
-1.75	-1.75	0.000486953
-1.75	-1.6875	0.000628871
-1.75	-1.625	0.000770789
-1.75	-1.5625	0.000914194
-1.75	-1.5	0.0010576
-1.75	-1.4375	0.00123671
-1.75	-1.375	0.00141583
-1.75	-1.3125	0.00159713
-1.75	-1.25	0.00177843
-1.75	-1.1875	0.00200552
-1.75	-1.125	0.00223262
-1.75	-1.0625	0.00246195
-1.75	-1	0.00269127
-1.75	-0.9375	0.00296196
-1.75	-0.875	0.00323265
-1.75	-0.8125	0.00350445
-1.75	-0.75	0.00377626
-1.75	-0.6875	0.0040577
-1.75	-0.625	0.00433915
-1.75	-0.5625	0.00461907
-1.75	-0.5	0.004899
-1.75	-0.4375	0.00512354
-1.75	-0.375	0.00534807
-1.75	-0.3125	0.00556745
-1.75	-0.25	0.00578682
-1.75	-0.1875	0.0058765
-1.75	-0.125	0.00596618
-1.75	-0.0625	0.00604793
-1.75	0	0.00612968
-1.75	0.0625	0.00604747
-1.75	0.125	0.00596525
-1.75	0.1875	0.00587528
-1.75	0.25	0.00578531
-1.75	0.3125	0.00556557
-1.75	0.375	0.00534582
-1.75	0.4375	0.00512128
-1.75	0.5	0.00489674
-1.75	0.5625	0.00461673
-1.75	0.625	0.00433673
-1.75	0.6875	0.00405546
-1.75	0.75	0.00377419
-1.75	0.8125	0.00350251
-1.75	0.875	0.00323084
-1.75	0.9375	0.00296035
-1.75	1	0.00268986
-1.75	1.0625	0.0024607
-1.75	1.125	0.00223153
-1.75	1.1875	0.00200459
-1.75	1.25	0.00177764
-1.75	1.3125	0.00159646
-1.75	1.375	0.00141528
-1.75	1.4375	0.00123625
-1.75	1.5	0.00105722
-1.75	1.5625	0.000913891
-1.75	1.625	0.00077056
-1.75	1.6875	0.000628689
-1.75	1.75	0.000486818
-1.75	1.8125	0.000364873
-1.75	1.875	0.000242928
-1.75	1.9375	0.000121464
-1.75	2	0
-1.6875	-2	0
-1.6875	-1.9375	0.000121491
-1.6875	-1.875	0.000249019
-1.6875	-1.8125	0.000371005
-1.6875	-1.75	0.000608545
-1.6875	-1.6875	0.000750463
-1.6875	-1.625	0.000900997
-1.6875	-1.5625	0.0010444
-1.6875	-1.5	0.00136469
-1.6875	-1.4375	0.00154381
-1.6875	-1.375	0.00173503
-1.6875	-1.3125	0.00191633
-1.6875	-1.25	0.00236734
-1.6875	-1.1875	0.00259443
-1.6875	-1.125	0.00283844
-1.6875	-1.0625	0.00306777
-1.6875	-1	0.00370348
-1.6875	-0.9375	0.00397416
-1.6875	-0.875	0.00426711
-1.6875	-0.8125	0.00453891
-1.6875	-0.75	0.00538463
-1.6875	-0.6875	0.00566607
-1.6875	-0.625	0.00597328
-1.6875	-0.5625	0.00625321
-1.6875	-0.5	0.00723206
-1.6875	-0.4375	0.00745659
-1.6875	-0.375	0.0077047
-1.6875	-0.3125	0.00792407
-1.6875	-0.25	0.00877017
-1.6875	-0.1875	0.00885985
-1.6875	-0.125	0.00896218
-1.6875	-0.0625	0.00904393
-1.6875	0	0.00938302
-1.6875	0.0625	0.0093008
-1.6875	0.125	0.00921398
-1.6875	0.1875	0.00912401
-1.6875	0.25	0.00876799
-1.6875	0.3125	0.00854825
-1.6875	0.375	0.00830904
-1.6875	0.4375	0.0080845
-1.6875	0.5	0.00722874
-1.6875	0.5625	0.00694874
-1.6875	0.625	0.00664306
-1.6875	0.6875	0.00636179
-1.6875	0.75	0.0053816
-1.6875	0.8125	0.00510992
-1.6875	0.875	0.00481392
-1.6875	0.9375	0.00454344
-1.6875	1	0.00370145
-1.6875	1.0625	0.00347228
-1.6875	1.125	0.00322365
-1.6875	1.1875	0.0029967
-1.6875	1.25	0.00236622
-1.6875	1.3125	0.00218504
-1.6875	1.375	0.0019896
-1.6875	1.4375	0.00181057
-1.6875	1.5	0.00136417
-1.6875	1.5625	0.00122084
-1.6875	1.625	0.00106736
-1.6875	1.6875	0.000925491
-1.6875	1.75	0.000608359
-1.6875	1.8125	0.000486414
-1.6875	1.875	0.000357209
-1.6875	1.9375	0.000235744
-1.6875	2	0.00011428
-1.625	-2	0
-1.625	-1.9375	0.000127528
-1.625	-1.875	0.000255056
-1.625	-1.8125	0.000492596
-1.625	-1.75	0.000730136
-1.625	-1.6875	0.000880671
-1.625	-1.625	0.00103121
-1.625	-1.5625	0.00135149
-1.625	-1.5	0.00167178
-1.625	-1.4375	0.00186301
-1.625	-1.375	0.00205424
-1.625	-1.3125	0.00250524
-1.625	-1.25	0.00295625
-1.625	-1.1875	0.00320026
-1.625	-1.125	0.00344426
-1.625	-1.0625	0.00407997
-1.625	-1	0.00471568
-1.625	-0.9375	0.00500862
-1.625	-0.875	0.00530156
-1.625	-0.8125	0.00614728
-1.625	-0.75	0.006993
-1.625	-0.6875	0.00730021
-1.625	-0.625	0.00760742
-1.625	-0.5625	0.00858627
-1.625	-0.5	0.00956511
-1.625	-0.4375	0.00981322
-1.625	-0.375	0.0100613
-1.625	-0.3125	0.0109074
-1.625	-0.25	0.0117535
-1.625	-0.1875	0.0118558
-1.625	-0.125	0.0119582
-1.625	-0.0625	0.0122973
-1.625	0	0.0126364
-1.625	0.0625	0.0125495
-1.625	0.125	0.0124627
-1.625	0.1875	0.0121067
-1.625	0.25	0.0117507
-1.625	0.3125	0.0115115
-1.625	0.375	0.0112723
-1.625	0.4375	0.0104165
-1.625	0.5	0.00956075
-1.625	0.5625	0.00925507
-1.625	0.625	0.00894938
-1.625	0.6875	0.0079692
-1.625	0.75	0.00698901
-1.625	0.8125	0.00669301
-1.625	0.875	0.00639701
-1.625	0.9375	0.00555502
-1.625	1	0.00471303
-1.625	1.0625	0.00446439
-1.625	1.125	0.00421576
-1.625	1.1875	0.00358528
-1.625	1.25	0.00295481
-1.625	1.3125	0.00275937
-1.625	1.375	0.00256392
-1.625	1.4375	0.00211752
-1.625	1.5	0.00167112
-1.625	1.5625	0.00151764
-1.625	1.625	0.00136416
-1.625	1.6875	0.00104703
-1.625	1.75	0.000729899
-1.625	1.8125	0.000600694
-1.625	1.875	0.000471489
-1.625	1.9375	0.000235744
-1.625	2	0
-1.5625	-2	0
-1.5625	-1.9375	0.000127528
-1.5625	-1.875	0.000369301
-1.5625	-1.8125	0.000606841
-1.5625	-1.75	0.000851947
-1.5625	-1.6875	0.00100248
-1.5625	-1.625	0.00132912
-1.5625	-1.5625	0.00164941
-1.5625	-1.5	0.00198143
-1.5625	-1.4375	0.00217266
-1.5625	-1.375	0.00263384
-1.5625	-1.3125	0.00308485
-1.5625	-1.25	0.00355405
-1.5625	-1.1875	0.00379806
-1.5625	-1.125	0.00445124
-1.5625	-1.0625	0.00508695
-1.5625	-1	0.00574997
-1.5625	-0.9375	0.00604291
-1.5625	-0.875	0.00691772
-1.5625	-0.8125	0.00776343
-1.5625	-0.75	0.00864654
-1.5625	-0.6875	0.00895375
-1.5625	-0.625	0.0099755
-1.5625	-0.5625	0.0109543
-1.5625	-0.5	0.011976
-1.5625	-0.4375	0.0122241
-1.5625	-0.375	0.0131211
-1.5625	-0.3125	0.0139672
-1.5625	-0.25	0.0148477
-1.5625	-0.1875	0.0149501
-1.5625	-0.125	0.0153292
-1.5625	-0.0625	0.0156683
-1.5625	0	0.0160152
-1.5625	0.0625	0.0159284
-1.5625	0.125	0.0155798
-1.5625	0.1875	0.0152238
-1.5625	0.25	0.0148439
-1.5625	0.3125	0.0146047
-1.5625	0.375	0.0137224
-1.5625	0.4375	0.0128667
-1.5625	0.5	0.01197
-1.5625	0.5625	0.0116643
-1.5625	0.625	0.0106422
-1.5625	0.6875	0.009662
-1.5625	0.75	0.00864111
-1.5625	0.8125	0.00834511
-1.5625	0.875	0.00746253
-1.5625	0.9375	0.00662054
-1.5625	1	0.00574648
-1.5625	1.0625	0.00549784
-1.5625	1.125	0.00483541
-1.5625	1.1875	0.00420494
-1.5625	1.25	0.00355221
-1.5625	1.3125	0.00335677
-1.5625	1.375	0.00288794
-1.5625	1.4375	0.00244154
-1.5625	1.5	0.0019806
-1.5625	1.5625	0.00182712
-1.5625	1.625	0.0014953
-1.5625	1.6875	0.00117817
-1.5625	1.75	0.000851659
-1.5625	1.8125	0.000722453
-1.5625	1.875	0.000477448
-1.5625	1.9375	0.000241703
-1.5625	2	5.95897e-06
-1.5	-2	0
-1.5	-1.9375	0.000241773
-1.5	-1.875	0.000483545
-1.5	-1.8125	0.000728651
-1.5	-1.75	0.000973757
-1.5	-1.6875	0.0013004
-1.5	-1.625	0.00162703
-1.5	-1.5625	0.00195905
-1.5	-1.5	0.00229107
-1.5	-1.4375	0.00275226
-1.5	-1.375	0.00321345
-1.5	-1.3125	0.00368265
-1.5	-1.25	0.00415185
-1.5	-1.1875	0.00480504
-1.5	-1.125	0.00545822
-1.5	-1.0625	0.00612124
-1.5	-1	0.00678425
-1.5	-0.9375	0.00765906
-1.5	-0.875	0.00853387
-1.5	-0.8125	0.00941698
-1.5	-0.75	0.0103001
-1.5	-0.6875	0.0113218
-1.5	-0.625	0.0123436
-1.5	-0.5625	0.0133652
-1.5	-0.5	0.0143868
-1.5	-0.4375	0.0152839
-1.5	-0.375	0.016181
-1.5	-0.3125	0.0170615
-1.5	-0.25	0.017942
-1.5	-0.1875	0.0183211
-1.5	-0.125	0.0187002
-1.5	-0.0625	0.0190472
-1.5	0	0.0193941
-1.5	0.0625	0.0190455
-1.5	0.125	0.0186968
-1.5	0.1875	0.018317
-1.5	0.25	0.0179371
-1.5	0.3125	0.0170549
-1.5	0.375	0.0161726
-1.5	0.4375	0.0152759
-1.5	0.5	0.0143792
-1.5	0.5625	0.0133571
-1.5	0.625	0.012335
-1.5	0.6875	0.0113141
-1.5	0.75	0.0102932
-1.5	0.8125	0.00941064
-1.5	0.875	0.00852806
-1.5	0.9375	0.00765399
-1.5	1	0.00677993
-1.5	1.0625	0.0061175
-1.5	1.125	0.00545506
-1.5	1.1875	0.00480234
-1.5	1.25	0.00414962
-1.5	1.3125	0.00368079
-1.5	1.375	0.00321196
-1.5	1.4375	0.00275103
-1.5	1.5	0.00229009
-1.5	1.5625	0.00195826
-1.5	1.625	0.00162644
-1.5	1.6875	0.00129993
-1.5	1.75	0.000973418
-1.5	1.8125	0.000728412
-1.5	1.875	0.000483407
-1.5	1.9375	0.000241703
-1.5	2	0
-1.4375	-2	0
-1.4375	-1.9375	0.000241773
-1.4375	-1.875	0.000489414
-1.4375	-1.8125	0.00073452
-1.4375	-1.75	0.00110243
-1.4375	-1.6875	0.00142907
-1.4375	-1.625	0.00176589
-1.4375	-1.5625	0.00209791
-1.4375	-1.5	0.00265981
-1.4375	-1.4375	0.00312099
-1.4375	-1.375	0.00359968
-1.4375	-1.3125	0.00406888
-1.4375	-1.25	0.00497051
-1.4375	-1.1875	0.0056237
-1.4375	-1.125	0.00630663
-1.4375	-1.0625	0.00696965
-1.4375	-1	0.00844367
-1.4375	-0.9375	0.00931848
-1.4375	-0.875	0.0102411
-1.4375	-0.8125	0.0111242
-1.4375	-0.75	0.013451
-1.4375	-0.6875	0.0144728
-1.4375	-0.625	0.0155626
-1.4375	-0.5625	0.0165842
-1.4375	-0.5	0.0198251
-1.4375	-0.4375	0.0207222
-1.4375	-0.375	0.0216961
-1.4375	-0.3125	0.0225766
-1.4375	-0.25	0.0258327
-1.4375	-0.1875	0.0262118
-1.4375	-0.125	0.0266399
-1.4375	-0.0625	0.0269868
-1.4375	0	0.0284142
-1.4375	0.0625	0.0280655
-1.4375	0.125	0.0276992
-1.4375	0.1875	0.0273193
-1.4375	0.25	0.0258279
-1.4375	0.3125	0.0249457
-1.4375	0.375	0.0239936
-1.4375	0.4375	0.0230968
-1.4375	0.5	0.0198159
-1.4375	0.5625	0.0187938
-1.4375	0.625	0.0176955
-1.4375	0.6875	0.0166746
-1.4375	0.75	0.013442
-1.4375	0.8125	0.0125594
-1.4375	0.875	0.0116189
-1.4375	0.9375	0.0107448
-1.4375	1	0.00843801
-1.4375	1.0625	0.00777558
-1.4375	1.125	0.00707536
-1.4375	1.1875	0.00642264
-1.4375	1.25	0.00496768
-1.4375	1.3125	0.00449885
-1.4375	1.375	0.00400734
-1.4375	1.4375	0.0035464
-1.4375	1.5	0.00265859
-1.4375	1.5625	0.00232677
-1.4375	1.625	0.0019817
-1.4375	1.6875	0.00165519
-1.4375	1.75	0.00110202
-1.4375	1.8125	0.000857018
-1.4375	1.875	0.000604281
-1.4375	1.9375	0.000362578
-1.4375	2	0.000120874
-1.375	-2	0
-1.375	-1.9375	0.000247642
-1.375	-1.875	0.000495283
-1.375	-1.8125	0.000863197
-1.375	-1.75	0.00123111
-1.375	-1.6875	0.00156792
-1.375	-1.625	0.00190474
-1.375	-1.5625	0.00246664
-1.375	-1.5	0.00302854
-1.375	-1.4375	0.00350722
-1.375	-1.375	0.00398591
-1.375	-1.3125	0.00488754
-1.375	-1.25	0.00578918
-1.375	-1.1875	0.00647211
-1.375	-1.125	0.00715504
-1.375	-1.0625	0.00862906
-1.375	-1	0.0101031
-1.375	-0.9375	0.0110257
-1.375	-0.875	0.0119484
-1.375	-0.8125	0.0142752
-1.375	-0.75	0.016602
-1.375	-0.6875	0.0176918
-1.375	-0.625	0.0187816
-1.375	-0.5625	0.0220225
-1.375	-0.5	0.0252633
-1.375	-0.4375	0.0262373
-1.375	-0.375	0.0272113
-1.375	-0.3125	0.0304673
-1.375	-0.25	0.0337234
-1.375	-0.1875	0.0341515
-1.375	-0.125	0.0345795
-1.375	-0.0625	0.0360069
-1.375	0	0.0374342
-1.375	0.0625	0.0370679
-1.375	0.125	0.0367015
-1.375	0.1875	0.0352101
-1.375	0.25	0.0337187
-1.375	0.3125	0.0327666
-1.375	0.375	0.0318145
-1.375	0.4375	0.0285335
-1.375	0.5	0.0252525
-1.375	0.5625	0.0241543
-1.375	0.625	0.023056
-1.375	0.6875	0.0198234
-1.375	0.75	0.0165908
-1.375	0.8125	0.0156502
-1.375	0.875	0.0147097
-1.375	0.9375	0.0124029
-1.375	1	0.0100961
-1.375	1.0625	0.00939588
-1.375	1.125	0.00869566
-1.375	1.1875	0.0072407
-1.375	1.25	0.00578574
-1.375	1.3125	0.00529422
-1.375	1.375	0.00480271
-1.375	1.4375	0.0039149
-1.375	1.5	0.00302709
-1.375	1.5625	0.00268203
-1.375	1.625	0.00233697
-1.375	1.6875	0.0017838
-1.375	1.75	0.00123063
-1.375	1.8125	0.000977892
-1.375	1.875	0.000725155
-1.375	1.9375	0.000362578
-1.375	2	0
-1.3125	-2	0
-1.3125	-1.9375	0.000247642
-1.3125	-1.875	0.000615921
-1.3125	-1.8125	0.000983835
-1.3125	-1.75	0.00135955
-1.3125	-1.6875	0.00169636
-1.3125	-1.625	0.00226049
-1.3125	-1.5625	0.00282239
-1.3125	-1.5	0.00339919
-1.3125	-1.4375	0.00387787
-1.3125	-1.375	0.00478672
-1.3125	-1.3125	0.00568836
-1.3125	-1.25	0.00661865
-1.3125	-1.1875	0.00730158
-1.3125	-1.125	0.00879676
-1.3125	-1.0625	0.0102708
-1.3125	-1	0.0117988
-1.3125	-0.9375	0.0127214
-1.3125	-0.875	0.0151014
-1.3125	-0.8125	0.0174282
-1.3125	-0.75	0.0198496
-1.3125	-0.6875	0.0209394
-1.3125	-0.625	0.0242918
-1.3125	-0.5625	0.0275326
-1.3125	-0.5	0.0309158
-1.3125	-0.4375	0.0318898
-1.3125	-0.375	0.0353295
-1.3125	-0.3125	0.0385856
-1.3125	-0.25	0.0419962
-1.3125	-0.1875	0.0424243
-1.3125	-0.125	0.0440298
-1.3125	-0.0625	0.0454571
-1.3125	0	0.046934
-1.3125	0.0625	0.0465677
-1.3125	0.125	0.0450954
-1.3125	0.1875	0.043604
-1.3125	0.25	0.0419951
-1.3125	0.3125	0.041043
-1.3125	0.375	0.0376268
-1.3125	0.4375	0.0343458
-1.3125	0.5	0.0309057
-1.3125	0.5625	0.0298074
-1.3125	0.625	0.0264188
-1.3125	0.6875	0.0231862
-1.3125	0.75	0.0198364
-1.3125	0.8125	0.0188958
-1.3125	0.875	0.0164755
-1.3125	0.9375	0.0141687
-1.3125	1	0.0117905
-1.3125	1.0625	0.0110902
-1.3125	1.125	0.00956378
-1.3125	1.1875	0.00810882
-1.3125	1.25	0.00661466
-1.3125	1.3125	0.00612315
-1.3125	1.375	0.00519372
-1.3125	1.4375	0.00430591
-1.3125	1.5	0.00339756
-1.3125	1.5625	0.0030525
-1.3125	1.625	0.00247608
-1.3125	1.6875	0.00192291
-1.3125	1.75	0.00135902
-1.3125	1.8125	0.00110629
-1.3125	1.875	0.000730744
-1.3125	1.9375	0.000368166
-1.3125	2	5.5889e-06
-1.25	-2	0
-1.25	-1.9375	0.00036828
-1.25	-1.875	0.00073656
-1.25	-1.8125	0.00111228
-1.25	-1.75	0.00148799
-1.25	-1.6875	0.00205211
-1.25	-1.625	0.00261623
-1.25	-1.5625	0.00319304
-1.25	-1.5	0.00376984
-1.25	-1.4375	0.00467869
-1.25	-1.375	0.00558754
-1.25	-1.3125	0.00651783
-1.25	-1.25	0.00744812
-1.25	-1.1875	0.0089433
-1.25	-1.125	0.0104385
-1.25	-1.0625	0.0119664
-1.25	-1	0.0134944
-1.25	-0.9375	0.0158744
-1.25	-0.875	0.0182545
-1.25	-0.8125	0.0206758
-1.25	-0.75	0.0230972
-1.25	-0.6875	0.0264496
-1.25	-0.625	0.0298019
-1.25	-0.5625	0.0331851
-1.25	-0.5	0.0365683
-1.25	-0.4375	0.0400081
-1.25	-0.375	0.0434478
-1.25	-0.3125	0.0468584
-1.25	-0.25	0.050269
-1.25	-0.1875	0.0518745
-1.25	-0.125	0.0534801
-1.25	-0.0625	0.0549569
-1.25	0	0.0564338
-1.25	0.0625	0.0549616
-1.25	0.125	0.0534893
-1.25	0.1875	0.0518804
-1.25	0.25	0.0502715
-1.25	0.3125	0.0468553
-1.25	0.375	0.043439
-1.25	0.4375	0.0399989
-1.25	0.5	0.0365588
-1.25	0.5625	0.0331702
-1.25	0.625	0.0297817
-1.25	0.6875	0.0264319
-1.25	0.75	0.023082
-1.25	0.8125	0.0206617
-1.25	0.875	0.0182414
-1.25	0.9375	0.0158631
-1.25	1	0.0134848
-1.25	1.0625	0.0119584
-1.25	1.125	0.0104319
-1.25	1.1875	0.00893775
-1.25	1.25	0.00744359
-1.25	1.3125	0.00651416
-1.25	1.375	0.00558472
-1.25	1.4375	0.00467637
-1.25	1.5	0.00376803
-1.25	1.5625	0.00319161
-1.25	1.625	0.0026152
-1.25	1.6875	0.00205131
-1.25	1.75	0.00148742
-1.25	1.8125	0.00111188
-1.25	1.875	0.000736333
-1.25	1.9375	0.000368166
-1.25	2	0
-1.1875	-2	0
-1.1875	-1.9375	0.00036828
-1.1875	-1.875	0.000741678
-1.1875	-1.8125	0.00111739
-1.1875	-1.75	0.00161146
-1.1875	-1.6875	0.00217558
-1.1875	-1.625	0.00275072
-1.1875	-1.5625	0.00332753
-1.1875	-1.5	0.00418343
-1.1875	-1.4375	0.00509228
-1.1875	-1.375	0.00602495
-1.1875	-1.3125	0.00695524
-1.1875	-1.25	0.00855724
-1.1875	-1.1875	0.0100524
-1.1875	-1.125	0.0115992
-1.1875	-1.0625	0.0131272
-1.1875	-1	0.0163144
-1.1875	-0.9375	0.0186944
-1.1875	-0.875	0.0211831
-1.1875	-0.8125	0.0236045
-1.1875	-0.75	0.0300932
-1.1875	-0.6875	0.0334455
-1.1875	-0.625	0.0370113
-1.1875	-0.5625	0.0403945
-1.1875	-0.5	0.0526793
-1.1875	-0.4375	0.0561191
-1.1875	-0.375	0.0599215
-1.1875	-0.3125	0.0633321
-1.1875	-0.25	0.0786283
-1.1875	-0.1875	0.0802339
-1.1875	-0.125	0.082144
-1.1875	-0.0625	0.0836208
-1.1875	0	0.0913137
-1.1875	0.0625	0.0898414
-1.1875	0.125	0.0882358
-1.1875	0.1875	0.0866269
-1.1875	0.25	0.0786625
-1.1875	0.3125	0.0752463
-1.1875	0.375	0.0714313
-1.1875	0.4375	0.0679911
-1.1875	0.5	0.0526905
-1.1875	0.5625	0.0493019
-1.1875	0.625	0.0456069
-1.1875	0.6875	0.0422571
-1.1875	0.75	0.0300771
-1.1875	0.8125	0.0276568
-1.1875	0.875	0.0250794
-1.1875	0.9375	0.0227011
-1.1875	1	0.0163023
-1.1875	1.0625	0.0147758
-1.1875	1.125	0.0131746
-1.1875	1.1875	0.0116804
-1.1875	1.25	0.00855168
-1.1875	1.3125	0.00762224
-1.1875	1.375	0.00665814
-1.1875	1.4375	0.0057498
-1.1875	1.5	0.00418131
-1.1875	1.5625	0.00360489
-1.1875	1.625	0.00301245
-1.1875	1.6875	0.00244856
-1.1875	1.75	0.00161081
-1.1875	1.8125	0.00123527
-1.1875	1.875	0.000852225
-1.1875	1.9375	0.000484058
-1.1875	2	0.000115892
-1.125	-2	0
-1.125	-1.9375	0.000373399
-1.125	-1.875	0.000746797
-1.125	-1.8125	0.00124086
-1.125	-1.75	0.00173492
-1.125	-1.6875	0.00231007
-1.125	-1.625	0.00288521
-1.125	-1.5625	0.00374111
-1.125	-1.5	0.00459701
-1.125	-1.4375	0.00552969
-1.125	-1.375	0.00646236
-1.125	-1.3125	0.00806436
-1.125	-1.25	0.00966635
-1.125	-1.1875	0.0112132
-1.125	-1.125	0.0127599
-1.125	-1.0625	0.0159471
-1.125	-1	0.0191343
-1.125	-0.9375	0.021623
-1.125	-0.875	0.0241118
-1.125	-0.8125	0.0306005
-1.125	-0.75	0.0370891
-1.125	-0.6875	0.0406549
-1.125	-0.625	0.0442208
-1.125	-0.5625	0.0565056
-1.125	-0.5	0.0687903
-1.125	-0.4375	0.0725928
-1.125	-0.375	0.0763952
-1.125	-0.3125	0.0916914
-1.125	-0.25	0.106988
-1.125	-0.1875	0.108898
-1.125	-0.125	0.110808
-1.125	-0.0625	0.118501
-1.125	0	0.126194
-1.125	0.0625	0.124588
-1.125	0.125	0.122982
-1.125	0.1875	0.115018
-1.125	0.25	0.107054
-1.125	0.3125	0.103239
-1.125	0.375	0.0994235
-1.125	0.4375	0.0841228
-1.125	0.5	0.0688221
-1.125	0.5625	0.0651271
-1.125	0.625	0.0614321
-1.125	0.6875	0.0492522
-1.125	0.75	0.0370722
-1.125	0.8125	0.0344949
-1.125	0.875	0.0319175
-1.125	0.9375	0.0255186
-1.125	1	0.0191198
-1.125	1.0625	0.0175185
-1.125	1.125	0.0159173
-1.125	1.1875	0.0127885
-1.125	1.25	0.00965976
-1.125	1.3125	0.00869566
-1.125	1.375	0.00773157
-1.125	1.4375	0.00616308
-1.125	1.5	0.00459459
-1.125	1.5625	0.00400215
-1.125	1.625	0.00340971
-1.125	1.6875	0.00257196
-1.125	1.75	0.00173421
-1.125	1.8125	0.00135116
-1.125	1.875	0.000968117
-1.125	1.9375	0.000484058
-1.125	2	0
-1.0625	-2	0
-1.0625	-1.9375	0.000373399
-1.0625	-1.875	0.000861888
-1.0625	-1.8125	0.00135595
-1.0625	-1.75	0.00185683
-1.0625	-1.6875	0.00243198
-1.0625	-1.625	0.00328071
-1.0625	-1.5625	0.00413661
-1.0625	-1.5	0.00500929
-1.0625	-1.4375	0.00594197
-1.0625	-1.375	0.00753763
-1.0625	-1.3125	0.00913963
-1.0625	-1.25	0.0107836
-1.0625	-1.1875	0.0123304
-1.0625	-1.125	0.0155271
-1.0625	-1.0625	0.0187143
-1.0625	-1	0.0220083
-1.0625	-0.9375	0.024497
-1.0625	-0.875	0.031066
-1.0625	-0.8125	0.0375546
-1.0625	-0.75	0.0443204
-1.0625	-0.6875	0.0478862
-1.0625	-0.625	0.0604966
-1.0625	-0.5625	0.0727814
-1.0625	-0.5	0.0858199
-1.0625	-0.4375	0.0896223
-1.0625	-0.375	0.105921
-1.0625	-0.3125	0.121217
-1.0625	-0.25	0.138376
-1.0625	-0.1875	0.140286
-1.0625	-0.125	0.149376
-1.0625	-0.0625	0.157068
-1.0625	0	0.166422
-1.0625	0.0625	0.164816
-1.0625	0.125	0.156546
-1.0625	0.1875	0.148581
-1.0625	0.25	0.138609
-1.0625	0.3125	0.134793
-1.0625	0.375	0.117987
-1.0625	0.4375	0.102686
-1.0625	0.5	0.0859759
-1.0625	0.5625	0.0822809
-1.0625	0.625	0.0691584
-1.0625	0.6875	0.0569784
-1.0625	0.75	0.0443302
-1.0625	0.8125	0.0417528
-1.0625	0.875	0.0349689
-1.0625	0.9375	0.02857
-1.0625	1	0.0219956
-1.0625	1.0625	0.0203943
-1.0625	1.125	0.0171016
-1.0625	1.1875	0.0139729
-1.0625	1.25	0.0107769
-1.0625	1.3125	0.00981283
-1.0625	1.375	0.00817031
-1.0625	1.4375	0.00660182
-1.0625	1.5	0.00500686
-1.0625	1.5625	0.00441442
-1.0625	1.625	0.00354232
-1.0625	1.6875	0.00270457
-1.0625	1.75	0.00185613
-1.0625	1.8125	0.00147309
-1.0625	1.875	0.000972421
-1.0625	1.9375	0.000488363
-1.0625	2	4.30419e-06
-1	-2	0
-1	-1.9375	0.00048849
-1	-1.875	0.00097698
-1	-1.8125	0.00147786
-1	-1.75	0.00197874
-1	-1.6875	0.00282748
-1	-1.625	0.00367622
-1	-1.5625	0.00454889
-1	-1.5	0.00542157
-1	-1.4375	0.00701724
-1	-1.375	0.0086129
-1	-1.3125	0.0102568
-1	-1.25	0.0119008
-1	-1.1875	0.0150976
-1	-1.125	0.0182943
-1	-1.0625	0.0215883
-1	-1	0.0248823
-1	-0.9375	0.0314512
-1	-0.875	0.0380202
-1	-0.8125	0.0447859
-1	-0.75	0.0515517
-1	-0.6875	0.064162
-1	-0.625	0.0767724
-1	-0.5625	0.0898109
-1	-0.5	0.102849
-1	-0.4375	0.119148
-1	-0.375	0.135447
-1	-0.3125	0.152605
-1	-0.25	0.169763
-1	-0.1875	0.178853
-1	-0.125	0.187943
-1	-0.0625	0.197297
-1	0	0.20665
-1	0.0625	0.19838
-1	0.125	0.190109
-1	0.1875	0.180136
-1	0.25	0.170163
-1	0.3125	0.153357
-1	0.375	0.13655
-1	0.4375	0.11984
-1	0.5	0.10313
-1	0.5625	0.0900072
-1	0.625	0.0768846
-1	0.6875	0.0642364
-1	0.75	0.0515881
-1	0.8125	0.0448042
-1	0.875	0.0380203
-1	0.9375	0.0314458
-1	1	0.0248713
-1	1.0625	0.0215786
-1	1.125	0.0182859
-1	1.1875	0.01509
-1	1.25	0.0118941
-1	1.3125	0.0102516
-1	1.375	0.00860905
-1	1.4375	0.00701409
-1	1.5	0.00541913
-1	1.5625	0.00454703
-1	1.625	0.00367493
-1	1.6875	0.00282649
-1	1.75	0.00197805
-1	1.8125	0.00147739
-1	1.875	0.000976725
-1	1.9375	0.000488363
-1	2	0
-0.9375	-2	0
-0.9375	-1.9375	0.00048849
-0.9375	-1.875	0.00098008
-0.9375	-1.8125	0.00148096
-0.9375	-1.75	0.00206724
-0.9375	-1.6875	0.00291598
-0.9375	-1.625	0.00377422
-0.9375	-1.5625	0.0046469
-0.9375	-1.5	0.00580109
-0.9375	-1.4375	0.00739676
-0.9375	-1.375	0.0090202
-0.9375	-1.3125	0.0106641
-0.9375	-1.25	0.0132349
-0.9375	-1.1875	0.0164316
-0.9375	-1.125	0.0197111
-0.9375	-1.0625	0.0230051
-0.9375	-1	0.0295657
-0.9375	-0.9375	0.0361347
-0.9375	-0.875	0.0429626
-0.9375	-0.8125	0.0497283
-0.9375	-0.75	0.0691769
-0.9375	-0.6875	0.0817873
-0.9375	-0.625	0.0953525
-0.9375	-0.5625	0.108391
-0.9375	-0.5	0.169531
-0.9375	-0.4375	0.18583
-0.9375	-0.375	0.205173
-0.9375	-0.3125	0.222331
-0.9375	-0.25	0.274988
-0.9375	-0.1875	0.284078
-0.9375	-0.125	0.294436
-0.9375	-0.0625	0.303789
-0.9375	0	0.315535
-0.9375	0.0625	0.307265
-0.9375	0.125	0.296452
-0.9375	0.1875	0.286479
-0.9375	0.25	0.274801
-0.9375	0.3125	0.257994
-0.9375	0.375	0.239145
-0.9375	0.4375	0.222435
-0.9375	0.5	0.170381
-0.9375	0.5625	0.157259
-0.9375	0.625	0.142081
-0.9375	0.6875	0.129433
-0.9375	0.75	0.0693167
-0.9375	0.8125	0.0625328
-0.9375	0.875	0.0551719
-0.9375	0.9375	0.0485974
-0.9375	1	0.0295523
-0.9375	1.0625	0.0262596
-0.9375	1.125	0.0228216
-0.9375	1.1875	0.0196257
-0.9375	1.25	0.0132267
-0.9375	1.3125	0.0115842
-0.9375	1.375	0.00989489
-0.9375	1.4375	0.00829993
-0.9375	1.5	0.00579843
-0.9375	1.5625	0.00492633
-0.9375	1.625	0.00403816
-0.9375	1.6875	0.00318973
-0.9375	1.75	0.00206655
-0.9375	1.8125	0.00156588
-0.9375	1.875	0.00105972
-0.9375	1.9375	0.000571353
-0.9375	2	8.29906e-05
-0.875	-2	0
-0.875	-1.9375	0.00049159
-0.875	-1.875	0.00098318
-0.875	-1.8125	0.00156946
-0.875	-1.75	0.00215574
-0.875	-1.6875	0.00301398
-0.875	-1.625	0.00387222
-0.875	-1.5625	0.00502642
-0.875	-1.5	0.00618061
-0.875	-1.4375	0.00780405
-0.875	-1.375	0.00942749
-0.875	-1.3125	0.0119982
-0.875	-1.25	0.014569
-0.875	-1.1875	0.0178484
-0.875	-1.125	0.0211278
-0.875	-1.0625	0.0276885
-0.875	-1	0.0342491
-0.875	-0.9375	0.041077
-0.875	-0.875	0.047905
-0.875	-0.8125	0.0673536
-0.875	-0.75	0.0868022
-0.875	-0.6875	0.100367
-0.875	-0.625	0.113933
-0.875	-0.5625	0.175073
-0.875	-0.5	0.236213
-0.875	-0.4375	0.255556
-0.875	-0.375	0.274899
-0.875	-0.3125	0.327556
-0.875	-0.25	0.380212
-0.875	-0.1875	0.39057
-0.875	-0.125	0.400928
-0.875	-0.0625	0.412674
-0.875	0	0.424421
-0.875	0.0625	0.413608
-0.875	0.125	0.402795
-0.875	0.1875	0.391116
-0.875	0.25	0.379438
-0.875	0.3125	0.360589
-0.875	0.375	0.34174
-0.875	0.4375	0.289686
-0.875	0.5	0.237633
-0.875	0.5625	0.222455
-0.875	0.625	0.207277
-0.875	0.6875	0.147161
-0.875	0.75	0.0870452
-0.875	0.8125	0.0796844
-0.875	0.875	0.0723235
-0.875	0.9375	0.0532784
-0.875	1	0.0342333
-0.875	1.0625	0.0307953
-0.875	1.125	0.0273572
-0.875	1.1875	0.0209583
-0.875	1.25	0.0145593
-0.875	1.3125	0.01287
-0.875	1.375	0.0111807
-0.875	1.4375	0.00867923
-0.875	1.5	0.00617773
-0.875	1.5625	0.00528956
-0.875	1.625	0.0044014
-0.875	1.6875	0.00327822
-0.875	1.75	0.00215504
-0.875	1.8125	0.00164887
-0.875	1.875	0.00114271
-0.875	1.9375	0.000571353
-0.875	2	0
-0.8125	-2	0
-0.8125	-1.9375	0.00049159
-0.8125	-1.875	0.00106449
-0.8125	-1.8125	0.00165077
-0.8125	-1.75	0.00224047
-0.8125	-1.6875	0.00309872
-0.8125	-1.625	0.0042293
-0.8125	-1.5625	0.00538349
-0.8125	-1.5	0.00655137
-0.8125	-1.4375	0.00817481
-0.8125	-1.375	0.0107034
-0.8125	-1.3125	0.0132742
-0.8125	-1.25	0.0158947
-0.8125	-1.1875	0.0191741
-0.8125	-1.125	0.0256707
-0.8125	-1.0625	0.0322313
-0.8125	-1	0.0389894
-0.8125	-0.9375	0.0458173
-0.8125	-0.875	0.0652518
-0.8125	-0.8125	0.0847004
-0.8125	-0.75	0.1053
-0.8125	-0.6875	0.118865
-0.8125	-0.625	0.180986
-0.8125	-0.5625	0.242126
-0.8125	-0.5	0.322632
-0.8125	-0.4375	0.341976
-0.8125	-0.375	0.382566
-0.8125	-0.3125	0.435222
-0.8125	-0.25	0.485919
-0.8125	-0.1875	0.496277
-0.8125	-0.125	0.500697
-0.8125	-0.0625	0.512443
-0.8125	0	0.523883
-0.8125	0.0625	0.51307
-0.8125	0.125	0.501696
-0.8125	0.1875	0.490017
-0.8125	0.25	0.481574
-0.8125	0.3125	0.462725
-0.8125	0.375	0.452277
-0.8125	0.4375	0.400223
-0.8125	0.5	0.32486
-0.8125	0.5625	0.309682
-0.8125	0.625	0.232976
-0.8125	0.6875	0.17286
-0.8125	0.75	0.106244
-0.8125	0.8125	0.0988827
-0.8125	0.875	0.0776395
-0.8125	0.9375	0.0585944
-0.8125	1	0.0390035
-0.8125	1.0625	0.0355655
-0.8125	1.125	0.0287892
-0.8125	1.1875	0.0223902
-0.8125	1.25	0.015888
-0.8125	1.3125	0.0141987
-0.8125	1.375	0.011579
-0.8125	1.4375	0.00907747
-0.8125	1.5	0.00654914
-0.8125	1.5625	0.00566098
-0.8125	1.625	0.00449355
-0.8125	1.6875	0.00337037
-0.8125	1.75	0.00223996
-0.8125	1.8125	0.0017338
-0.8125	1.875	0.0011442
-0.8125	1.9375	0.000572851
-0.8125	2	1.498e-06
-0.75	-2	0
-0.75	-1.9375	0.000572898
-0.75	-1.875	0.0011458
-0.75	-1.8125	0.0017355
-0.75	-1.75	0.00232521
-0.75	-1.6875	0.00345579
-0.75	-1.625	0.00458637
-0.75	-1.5625	0.00575425
-0.75	-1.5	0.00692213
-0.75	-1.4375	0.00945074
-0.75	-1.375	0.0119794
-0.75	-1.3125	0.0145999
-0.75	-1.25	0.0172204
-0.75	-1.1875	0.023717
-0.75	-1.125	0.0302135
-0.75	-1.0625	0.0369716
-0.75	-1	0.0437297
-0.75	-0.9375	0.0631641
-0.75	-0.875	0.0825986
-0.75	-0.8125	0.103198
-0.75	-0.75	0.123798
-0.75	-0.6875	0.185919
-0.75	-0.625	0.24804
-0.75	-0.5625	0.328546
-0.75	-0.5	0.409052
-0.75	-0.4375	0.449642
-0.75	-0.375	0.490232
-0.75	-0.3125	0.540929
-0.75	-0.25	0.591626
-0.75	-0.1875	0.596046
-0.75	-0.125	0.600466
-0.75	-0.0625	0.611906
-0.75	0	0.623345
-0.75	0.0625	0.611971
-0.75	0.125	0.600597
-0.75	0.1875	0.592153
-0.75	0.25	0.58371
-0.75	0.3125	0.573262
-0.75	0.375	0.562813
-0.75	0.4375	0.48745
-0.75	0.5	0.412087
-0.75	0.5625	0.335381
-0.75	0.625	0.258675
-0.75	0.6875	0.192058
-0.75	0.75	0.125442
-0.75	0.8125	0.104199
-0.75	0.875	0.0829555
-0.75	0.9375	0.0633646
-0.75	1	0.0437737
-0.75	1.0625	0.0369974
-0.75	1.125	0.0302211
-0.75	1.1875	0.0237188
-0.75	1.25	0.0172166
-0.75	1.3125	0.0145969
-0.75	1.375	0.0119772
-0.75	1.4375	0.00944888
-0.75	1.5	0.00692056
-0.75	1.5625	0.00575313
-0.75	1.625	0.0045857
-0.75	1.6875	0.00345529
-0.75	1.75	0.00232488
-0.75	1.8125	0.00173529
-0.75	1.875	0.0011457
-0.75	1.9375	0.000572851
-0.75	2	0
-0.6875	-2	0
-0.6875	-1.9375	0.000572898
-0.6875	-1.875	0.00114516
-0.6875	-1.8125	0.00173486
-0.6875	-1.75	0.00233102
-0.6875	-1.6875	0.0034616
-0.6875	-1.625	0.00459553
-0.6875	-1.5625	0.00576341
-0.6875	-1.5	0.00708559
-0.6875	-1.4375	0.00961421
-0.6875	-1.375	0.0121637
-0.6875	-1.3125	0.0147843
-0.6875	-1.25	0.0182898
-0.6875	-1.1875	0.0247863
-0.6875	-1.125	0.0313878
-0.6875	-1.0625	0.0381458
-0.6875	-1	0.0498685
-0.6875	-0.9375	0.069303
-0.6875	-0.875	0.0894251
-0.6875	-0.8125	0.110025
-0.6875	-0.75	0.163999
-0.6875	-0.6875	0.22612
-0.6875	-0.625	0.305786
-0.6875	-0.5625	0.386292
-0.6875	-0.5	0.505724
-0.6875	-0.4375	0.546313
-0.6875	-0.375	0.572931
-0.6875	-0.3125	0.623628
-0.6875	-0.25	0.668543
-0.6875	-0.1875	0.672963
-0.6875	-0.125	0.672984
-0.6875	-0.0625	0.684423
-0.6875	0	0.695192
-0.6875	0.0625	0.683818
-0.6875	0.125	0.672698
-0.6875	0.1875	0.664255
-0.6875	0.25	0.658768
-0.6875	0.3125	0.64832
-0.6875	0.375	0.64581
-0.6875	0.4375	0.570446
-0.6875	0.5	0.505401
-0.6875	0.5625	0.428695
-0.6875	0.625	0.343291
-0.6875	0.6875	0.276675
-0.6875	0.75	0.167245
-0.6875	0.8125	0.146001
-0.6875	0.875	0.120921
-0.6875	0.9375	0.10133
-0.6875	1	0.0498869
-0.6875	1.0625	0.0431107
-0.6875	1.125	0.0361031
-0.6875	1.1875	0.0296008
-0.6875	1.25	0.0182839
-0.6875	1.3125	0.0156642
-0.6875	1.375	0.0130003
-0.6875	1.4375	0.0104719
-0.6875	1.5	0.00708438
-0.6875	1.5625	0.00591695
-0.6875	1.625	0.0047405
-0.6875	1.6875	0.00361009
-0.6875	1.75	0.00233089
-0.6875	1.8125	0.0017413
-0.6875	1.875	0.00115096
-0.6875	1.9375	0.000578105
-0.6875	2	5.25403e-06
-0.625	-2	0
-0.625	-1.9375	0.000572258
-0.625	-1.875	0.00114452
-0.625	-1.8125	0.00174067
-0.625	-1.75	0.00233683
-0.625	-1.6875	0.00347076
-0.625	-1.625	0.0046047
-0.625	-1.5625	0.00592688
-0.625	-1.5	0.00724905
-0.625	-1.4375	0.00979859
-0.625	-1.375	0.0123481
-0.625	-1.3125	0.0158536
-0.625	-1.25	0.0193591
-0.625	-1.1875	0.0259605
-0.625	-1.125	0.032562
-0.625	-1.0625	0.0442847
-0.625	-1	0.0560074
-0.625	-0.9375	0.0761295
-0.625	-0.875	0.0962516
-0.625	-0.8125	0.150226
-0.625	-0.75	0.204201
-0.625	-0.6875	0.283866
-0.625	-0.625	0.363532
-0.625	-0.5625	0.482963
-0.625	-0.5	0.602395
-0.625	-0.4375	0.629012
-0.625	-0.375	0.65563
-0.625	-0.3125	0.700545
-0.625	-0.25	0.745461
-0.625	-0.1875	0.745481
-0.625	-0.125	0.745501
-0.625	-0.0625	0.75627
-0.625	0	0.767039
-0.625	0.0625	0.755919
-0.625	0.125	0.7448
-0.625	0.1875	0.739313
-0.625	0.25	0.733826
-0.625	0.3125	0.731316
-0.625	0.375	0.728806
-0.625	0.4375	0.663761
-0.625	0.5	0.598715
-0.625	0.5625	0.513312
-0.625	0.625	0.427908
-0.625	0.6875	0.318478
-0.625	0.75	0.209047
-0.625	0.8125	0.183967
-0.625	0.875	0.158886
-0.625	0.9375	0.107443
-0.625	1	0.0560002
-0.625	1.0625	0.0489927
-0.625	1.125	0.0419851
-0.625	1.1875	0.0306682
-0.625	1.25	0.0193513
-0.625	1.3125	0.0166873
-0.625	1.375	0.0140233
-0.625	1.4375	0.0106358
-0.625	1.5	0.0072482
-0.625	1.5625	0.00607175
-0.625	1.625	0.00489529
-0.625	1.6875	0.00361609
-0.625	1.75	0.00233689
-0.625	1.8125	0.00174655
-0.625	1.875	0.00115621
-0.625	1.9375	0.000578105
-0.625	2	0
-0.5625	-2	0
-0.5625	-1.9375	0.000572258
-0.5625	-1.875	0.00114721
-0.5625	-1.8125	0.00174336
-0.5625	-1.75	0.00233655
-0.5625	-1.6875	0.00347048
-0.5625	-1.625	0.00474775
-0.5625	-1.5625	0.00606992
-0.5625	-1.5	0.00739305
-0.5625	-1.4375	0.00994259
-0.5625	-1.375	0.0133396
-0.5625	-1.3125	0.0168451
-0.5625	-1.25	0.020379
-0.5625	-1.1875	0.0269804
-0.5625	-1.125	0.0383795
-0.5625	-1.0625	0.0501023
-0.5625	-1	0.0620773
-0.5625	-0.9375	0.0821994
-0.5625	-0.875	0.134298
-0.5625	-0.8125	0.188272
-0.5625	-0.75	0.250278
-0.5625	-0.6875	0.329944
-0.5625	-0.625	0.442194
-0.5625	-0.5625	0.561625
-0.5625	-0.5	0.672681
-0.5625	-0.4375	0.699298
-0.5625	-0.375	0.714937
-0.5625	-0.3125	0.759853
-0.5625	-0.25	0.800997
-0.5625	-0.1875	0.801017
-0.5625	-0.125	0.798232
-0.5625	-0.0625	0.809
-0.5625	0	0.81931
-0.5625	0.0625	0.808191
-0.5625	0.125	0.797347
-0.5625	0.1875	0.79186
-0.5625	0.25	0.788396
-0.5625	0.3125	0.785886
-0.5625	0.375	0.788118
-0.5625	0.4375	0.723073
-0.5625	0.5	0.666249
-0.5625	0.5625	0.580845
-0.5625	0.625	0.504814
-0.5625	0.6875	0.395384
-0.5625	0.75	0.255287
-0.5625	0.8125	0.230206
-0.5625	0.875	0.166399
-0.5625	0.9375	0.114956
-0.5625	1	0.0621725
-0.5625	1.0625	0.0551649
-0.5625	1.125	0.0431192
-0.5625	1.1875	0.0318023
-0.5625	1.25	0.0203815
-0.5625	1.3125	0.0177176
-0.5625	1.375	0.0141803
-0.5625	1.4375	0.0107928
-0.5625	1.5	0.00739415
-0.5625	1.5625	0.00621769
-0.5625	1.625	0.00489393
-0.5625	1.6875	0.00361473
-0.5625	1.75	0.00233704
-0.5625	1.8125	0.0017467
-0.5625	1.875	0.00115324
-0.5625	1.9375	0.000575138
-0.5625	2	-2.96682e-06
-0.5	-2	0
-0.5	-1.9375	0.000574949
-0.5	-1.875	0.0011499
-0.5	-1.8125	0.00174308
-0.5	-1.75	0.00233626
-0.5	-1.6875	0.00361353
-0.5	-1.625	0.0048908
-0.5	-1.5625	0.00621392
-0.5	-1.5	0.00753705
-0.5	-1.4375	0.0109341
-0.5	-1.375	0.0143311
-0.5	-1.3125	0.017865
-0.5	-1.25	0.0213989
-0.5	-1.1875	0.032798
-0.5	-1.125	0.0441971
-0.5	-1.0625	0.0561721
-0.5	-1	0.0681472
-0.5	-0.9375	0.120246
-0.5	-0.875	0.172344
-0.5	-0.8125	0.23435
-0.5	-0.75	0.296355
-0.5	-0.6875	0.408606
-0.5	-0.625	0.520856
-0.5	-0.5625	0.631911
-0.5	-0.5	0.742967
-0.5	-0.4375	0.758606
-0.5	-0.375	0.774245
-0.5	-0.3125	0.815389
-0.5	-0.25	0.856533
-0.5	-0.1875	0.853747
-0.5	-0.125	0.850962
-0.5	-0.0625	0.861272
-0.5	0	0.871582
-0.5	0.0625	0.860738
-0.5	0.125	0.849894
-0.5	0.1875	0.84643
-0.5	0.25	0.842966
-0.5	0.3125	0.845198
-0.5	0.375	0.847431
-0.5	0.4375	0.790606
-0.5	0.5	0.733782
-0.5	0.5625	0.657751
-0.5	0.625	0.581721
-0.5	0.6875	0.441623
-0.5	0.75	0.301526
-0.5	0.8125	0.237719
-0.5	0.875	0.173913
-0.5	0.9375	0.121129
-0.5	1	0.0683448
-0.5	1.0625	0.056299
-0.5	1.125	0.0442533
-0.5	1.1875	0.0328325
-0.5	1.25	0.0214118
-0.5	1.3125	0.0178746
-0.5	1.375	0.0143374
-0.5	1.4375	0.0109387
-0.5	1.5	0.00754009
-0.5	1.5625	0.00621633
-0.5	1.625	0.00489257
-0.5	1.6875	0.00361488
-0.5	1.75	0.00233719
-0.5	1.8125	0.00174373
-0.5	1.875	0.00115028
-0.5	1.9375	0.000575138
-0.5	2	0
-0.4375	-2	0
-0.4375	-1.9375	0.000574949
-0.4375	-1.875	0.00114416
-0.4375	-1.8125	0.00173734
-0.4375	-1.75	0.00221415
-0.4375	-1.6875	0.00349142
-0.4375	-1.625	0.00476059
-0.4375	-1.5625	0.00608371
-0.4375	-1.5	0.00724483
-0.4375	-1.4375	0.0106419
-0.4375	-1.375	0.0140324
-0.4375	-1.3125	0.0175663
-0.4375	-1.25	0.0210909
-0.4375	-1.1875	0.03249
-0.4375	-1.125	0.0439418
-0.4375	-1.0625	0.0559169
-0.4375	-1	0.070358
-0.4375	-0.9375	0.122456
-0.4375	-0.875	0.175817
-0.4375	-0.8125	0.237823
-0.4375	-0.75	0.332992
-0.4375	-0.6875	0.445242
-0.4375	-0.625	0.58063
-0.4375	-0.5625	0.691686
-0.4375	-0.5	0.791303
-0.4375	-0.4375	0.806943
-0.4375	-0.375	0.815053
-0.4375	-0.3125	0.856196
-0.4375	-0.25	0.894516
-0.4375	-0.1875	0.89173
-0.4375	-0.125	0.886816
-0.4375	-0.0625	0.897126
-0.4375	0	0.907056
-0.4375	0.0625	0.896212
-0.4375	0.125	0.885693
-0.4375	0.1875	0.882229
-0.4375	0.25	0.880449
-0.4375	0.3125	0.882682
-0.4375	0.375	0.888372
-0.4375	0.4375	0.831548
-0.4375	0.5	0.780783
-0.4375	0.5625	0.704752
-0.4375	0.625	0.642038
-0.4375	0.6875	0.501941
-0.4375	0.75	0.351643
-0.4375	0.8125	0.287837
-0.4375	0.875	0.203998
-0.4375	0.9375	0.151214
-0.4375	1	0.0704722
-0.4375	1.0625	0.0584264
-0.4375	1.125	0.0462155
-0.4375	1.1875	0.0347948
-0.4375	1.25	0.0211065
-0.4375	1.3125	0.0175693
-0.4375	1.375	0.0140273
-0.4375	1.4375	0.0106286
-0.4375	1.5	0.00724971
-0.4375	1.5625	0.00592595
-0.4375	1.625	0.00461
-0.4375	1.6875	0.0033323
-0.4375	1.75	0.00221556
-0.4375	1.8125	0.0016221
-0.4375	1.875	0.00103529
-0.4375	1.9375	0.00046015
-0.4375	2	-0.000114988
-0.375	-2	0
-0.375	-1.9375	0.000569214
-0.375	-1.875	0.00113843
-0.375	-1.8125	0.00161524
-0.375	-1.75	0.00209205
-0.375	-1.6875	0.00336121
-0.375	-1.625	0.00463038
-0.375	-1.5625	0.0057915
-0.375	-1.5	0.00695262
-0.375	-1.4375	0.0103432
-0.375	-1.375	0.0137337
-0.375	-1.3125	0.0172583
-0.375	-1.25	0.0207829
-0.375	-1.1875	0.0322347
-0.375	-1.125	0.0436866
-0.375	-1.0625	0.0581277
-0.375	-1	0.0725688
-0.375	-0.9375	0.125929
-0.375	-0.875	0.17929
-0.375	-0.8125	0.274459
-0.375	-0.75	0.369629
-0.375	-0.6875	0.505017
-0.375	-0.625	0.640405
-0.375	-0.5625	0.740022
-0.375	-0.5	0.83964
-0.375	-0.4375	0.84775
-0.375	-0.375	0.85586
-0.375	-0.3125	0.89418
-0.375	-0.25	0.932499
-0.375	-0.1875	0.927585
-0.375	-0.125	0.922671
-0.375	-0.0625	0.932601
-0.375	0	0.942531
-0.375	0.0625	0.932011
-0.375	0.125	0.921492
-0.375	0.1875	0.919712
-0.375	0.25	0.917933
-0.375	0.3125	0.923623
-0.375	0.375	0.929314
-0.375	0.4375	0.878549
-0.375	0.5	0.827784
-0.375	0.5625	0.76507
-0.375	0.625	0.702356
-0.375	0.6875	0.552058
-0.375	0.75	0.401761
-0.375	0.8125	0.317922
-0.375	0.875	0.234084
-0.375	0.9375	0.153342
-0.375	1	0.0725996
-0.375	1.0625	0.0603886
-0.375	1.125	0.0481777
-0.375	1.1875	0.0344894
-0.375	1.25	0.0208011
-0.375	1.3125	0.0172591
-0.375	1.375	0.0137171
-0.375	1.4375	0.0103382
-0.375	1.5	0.00695933
-0.375	1.5625	0.00564338
-0.375	1.625	0.00432742
-0.375	1.6875	0.00321068
-0.375	1.75	0.00209393
-0.375	1.8125	0.00150712
-0.375	1.875	0.0009203
-0.375	1.9375	0.00046015
-0.375	2	0
-0.3125	-2	0
-0.3125	-1.9375	0.000569214
-0.3125	-1.875	0.00102068
-0.3125	-1.8125	0.00149749
-0.3125	-1.75	0.00196329
-0.3125	-1.6875	0.00323245
-0.3125	-1.625	0.00433351
-0.3125	-1.5625	0.00549464
-0.3125	-1.5	0.0066356
-0.3125	-1.4375	0.0100261
-0.3125	-1.375	0.0133748
-0.3125	-1.3125	0.0168994
-0.3125	-1.25	0.0203853
-0.3125	-1.1875	0.0318372
-0.3125	-1.125	0.0454667
-0.3125	-1.0625	0.0599079
-0.3125	-1	0.0742767
-0.3125	-0.9375	0.127637
-0.3125	-0.875	0.208222
-0.3125	-0.8125	0.303391
-0.3125	-0.75	0.412107
-0.3125	-0.6875	0.547494
-0.3125	-0.625	0.682267
-0.3125	-0.5625	0.781884
-0.3125	-0.5	0.870182
-0.3125	-0.4375	0.878293
-0.3125	-0.375	0.880183
-0.3125	-0.3125	0.918502
-0.3125	-0.25	0.954024
-0.3125	-0.1875	0.94911
-0.3125	-0.125	0.942156
-0.3125	-0.0625	0.952086
-0.3125	0	0.961565
-0.3125	0.0625	0.951045
-0.3125	0.125	0.940989
-0.3125	0.1875	0.93921
-0.3125	0.25	0.93924
-0.3125	0.3125	0.944931
-0.3125	0.375	0.953846
-0.3125	0.4375	0.903081
-0.3125	0.5	0.857862
-0.3125	0.5625	0.795147
-0.3125	0.625	0.745503
-0.3125	0.6875	0.595206
-0.3125	0.75	0.440153
-0.3125	0.8125	0.356315
-0.3125	0.875	0.23701
-0.3125	0.9375	0.156268
-0.3125	1	0.0745115
-0.3125	1.0625	0.0623005
-0.3125	1.125	0.0477743
-0.3125	1.1875	0.0340861
-0.3125	1.25	0.0204194
-0.3125	1.3125	0.0168774
-0.3125	1.375	0.0133781
-0.3125	1.4375	0.00999924
-0.3125	1.5	0.00664502
-0.3125	1.5625	0.00532906
-0.3125	1.625	0.00418508
-0.3125	1.6875	0.00306833
-0.3125	1.75	0.00196569
-0.3125	1.8125	0.00137888
-0.3125	1.875	0.000912145
-0.3125	1.9375	0.000451995
-0.3125	2	-8.1552e-06
-0.25	-2	0
-0.25	-1.9375	0.000451463
-0.25	-1.875	0.000902927
-0.25	-1.8125	0.00136873
-0.25	-1.75	0.00183453
-0.25	-1.6875	0.00293559
-0.25	-1.625	0.00403665
-0.25	-1.5625	0.00517762
-0.25	-1.5	0.00631858
-0.25	-1.4375	0.00966728
-0.25	-1.375	0.013016
-0.25	-1.3125	0.0165019
-0.25	-1.25	0.0199878
-0.25	-1.1875	0.0336174
-0.25	-1.125	0.0472469
-0.25	-1.0625	0.0616158
-0.25	-1	0.0759846
-0.25	-0.9375	0.156569
-0.25	-0.875	0.237154
-0.25	-0.8125	0.345869
-0.25	-0.75	0.454584
-0.25	-0.6875	0.589357
-0.25	-0.625	0.724129
-0.25	-0.5625	0.812427
-0.25	-0.5	0.900725
-0.25	-0.4375	0.902615
-0.25	-0.375	0.904505
-0.25	-0.3125	0.940027
-0.25	-0.25	0.975548
-0.25	-0.1875	0.968594
-0.25	-0.125	0.961641
-0.25	-0.0625	0.97112
-0.25	0	0.980599
-0.25	0.0625	0.970543
-0.25	0.125	0.960487
-0.25	0.1875	0.960517
-0.25	0.25	0.960548
-0.25	0.3125	0.969463
-0.25	0.375	0.978378
-0.25	0.4375	0.933159
-0.25	0.5	0.887939
-0.25	0.5625	0.838295
-0.25	0.625	0.788651
-0.25	0.6875	0.633598
-0.25	0.75	0.478545
-0.25	0.8125	0.359241
-0.25	0.875	0.239936
-0.25	0.9375	0.15818
-0.25	1	0.0764233
-0.25	1.0625	0.0618972
-0.25	1.125	0.047371
-0.25	1.1875	0.0337043
-0.25	1.25	0.0200377
-0.25	1.3125	0.0165384
-0.25	1.375	0.0130391
-0.25	1.4375	0.00968492
-0.25	1.5	0.0063307
-0.25	1.5625	0.00518672
-0.25	1.625	0.00404273
-0.25	1.6875	0.0029401
-0.25	1.75	0.00183746
-0.25	1.8125	0.00137072
-0.25	1.875	0.00090399
-0.25	1.9375	0.000451995
-0.25	2	0
-0.1875	-2	0
-0.1875	-1.9375	0.000451463
-0.1875	-1.875	0.000892402
-0.1875	-1.8125	0.0013582
-0.1875	-1.75	0.00158978
-0.1875	-1.6875	0.00269084
-0.1875	-1.625	0.00377146
-0.1875	-1.5625	0.00491243
-0.1875	-1.5	0.00553429
-0.1875	-1.4375	0.00888299
-0.1875	-1.375	0.0121867
-0.1875	-1.3125	0.0156726
-0.1875	-1.25	0.0178207
-0.1875	-1.1875	0.0314503
-0.1875	-1.125	0.0449755
-0.1875	-1.0625	0.0593443
-0.1875	-1	0.0700213
-0.1875	-0.9375	0.150606
-0.1875	-0.875	0.231811
-0.1875	-0.8125	0.340526
-0.1875	-0.75	0.47146
-0.1875	-0.6875	0.606232
-0.1875	-0.625	0.75187
-0.1875	-0.5625	0.840168
-0.1875	-0.5	0.916439
-0.1875	-0.4375	0.918329
-0.1875	-0.375	0.914302
-0.1875	-0.3125	0.949824
-0.1875	-0.25	0.982288
-0.1875	-0.1875	0.975334
-0.1875	-0.125	0.966234
-0.1875	-0.0625	0.975713
-0.1875	0	0.984629
-0.1875	0.0625	0.974573
-0.1875	0.125	0.965153
-0.1875	0.1875	0.965183
-0.1875	0.25	0.967295
-0.1875	0.3125	0.97621
-0.1875	0.375	0.988614
-0.1875	0.4375	0.943395
-0.1875	0.5	0.904014
-0.1875	0.5625	0.85437
-0.1875	0.625	0.819316
-0.1875	0.6875	0.664263
-0.1875	0.75	0.494355
-0.1875	0.8125	0.375051
-0.1875	0.875	0.235563
-0.1875	0.9375	0.153807
-0.1875	1	0.0703779
-0.1875	1.0625	0.0558517
-0.1875	1.125	0.0415285
-0.1875	1.1875	0.0278619
-0.1875	1.25	0.0178828
-0.1875	1.3125	0.0143835
-0.1875	1.375	0.0109467
-0.1875	1.4375	0.0075925
-0.1875	1.5	0.00554929
-0.1875	1.5625	0.00440531
-0.1875	1.625	0.00328945
-0.1875	1.6875	0.00218682
-0.1875	1.75	0.00159323
-0.1875	1.8125	0.0011265
-0.1875	1.875	0.000673849
-0.1875	1.9375	0.000221854
-0.1875	2	-0.000230141
-0.125	-2	0
-0.125	-1.9375	0.000440939
-0.125	-1.875	0.000881877
-0.125	-1.8125	0.00111345
-0.125	-1.75	0.00134503
-0.125	-1.6875	0.00242565
-0.125	-1.625	0.00350627
-0.125	-1.5625	0.00412814
-0.125	-1.5	0.00475
-0.125	-1.4375	0.00805369
-0.125	-1.375	0.0113574
-0.125	-1.3125	0.0135055
-0.125	-1.25	0.0156537
-0.125	-1.1875	0.0291789
-0.125	-1.125	0.042704
-0.125	-1.0625	0.053381
-0.125	-1	0.064058
-0.125	-0.9375	0.145263
-0.125	-0.875	0.226468
-0.125	-0.8125	0.357401
-0.125	-0.75	0.488335
-0.125	-0.6875	0.633973
-0.125	-0.625	0.779611
-0.125	-0.5625	0.855882
-0.125	-0.5	0.932152
-0.125	-0.4375	0.928126
-0.125	-0.375	0.9241
-0.125	-0.3125	0.956564
-0.125	-0.25	0.989027
-0.125	-0.1875	0.979928
-0.125	-0.125	0.970828
-0.125	-0.0625	0.979743
-0.125	0	0.988659
-0.125	0.0625	0.979239
-0.125	0.125	0.969818
-0.125	0.1875	0.97193
-0.125	0.25	0.974042
-0.125	0.3125	0.986446
-0.125	0.375	0.998851
-0.125	0.4375	0.95947
-0.125	0.5	0.920088
-0.125	0.5625	0.885035
-0.125	0.625	0.849982
-0.125	0.6875	0.680073
-0.125	0.75	0.510165
-0.125	0.8125	0.370677
-0.125	0.875	0.23119
-0.125	0.9375	0.147761
-0.125	1	0.0643325
-0.125	1.0625	0.0500093
-0.125	1.125	0.035686
-0.125	1.1875	0.025707
-0.125	1.25	0.0157279
-0.125	1.3125	0.0122911
-0.125	1.375	0.0088543
-0.125	1.4375	0.00681109
-0.125	1.5	0.00476788
-0.125	1.5625	0.00365203
-0.125	1.625	0.00253617
-0.125	1.6875	0.00194259
-0.125	1.75	0.001349
-0.125	1.8125	0.000896355
-0.125	1.875	0.000443707
-0.125	1.9375	0.000221854
-0.125	2	0
-0.0625	-2	0
-0.0625	-1.9375	0.000440939
-0.0625	-1.875	0.000650041
-0.0625	-1.8125	0.000881617
-0.0625	-1.75	0.00109636
-0.0625	-1.6875	0.00217698
-0.0625	-1.625	0.00274402
-0.0625	-1.5625	0.00336589
-0.0625	-1.5	0.00395173
-0.0625	-1.4375	0.00725542
-0.0625	-1.375	0.00923347
-0.0625	-1.3125	0.0113816
-0.0625	-1.25	0.0134372
-0.0625	-1.1875	0.0269623
-0.0625	-1.125	0.0367323
-0.0625	-1.0625	0.0474093
-0.0625	-1	0.0576919
-0.0625	-0.9375	0.138897
-0.0625	-0.875	0.221201
-0.0625	-0.8125	0.352135
-0.0625	-0.75	0.486673
-0.0625	-0.6875	0.632311
-0.0625	-0.625	0.798612
-0.0625	-0.5625	0.874883
-0.0625	-0.5	0.937329
-0.0625	-0.4375	0.933303
-0.0625	-0.375	0.923328
-0.0625	-0.3125	0.955792
-0.0625	-0.25	0.985073
-0.0625	-0.1875	0.975973
-0.0625	-0.125	0.964815
-0.0625	-0.0625	0.97373
-0.0625	0	0.982118
-0.0625	0.0625	0.972698
-0.0625	0.125	0.963969
-0.0625	0.1875	0.966081
-0.0625	0.25	0.970331
-0.0625	0.3125	0.982736
-0.0625	0.375	0.998838
-0.0625	0.4375	0.959457
-0.0625	0.5	0.92693
-0.0625	0.5625	0.891877
-0.0625	0.625	0.874105
-0.0625	0.6875	0.704197
-0.0625	0.75	0.505673
-0.0625	0.8125	0.366186
-0.0625	0.875	0.224257
-0.0625	0.9375	0.140828
-0.0625	1	0.0580822
-0.0625	1.0625	0.043759
-0.0625	1.125	0.0333149
-0.0625	1.1875	0.0233358
-0.0625	1.25	0.0135186
-0.0625	1.3125	0.0100817
-0.0625	1.375	0.00800255
-0.0625	1.4375	0.00595934
-0.0625	1.5	0.00397112
-0.0625	1.5625	0.00285527
-0.0625	1.625	0.002264
-0.0625	1.6875	0.00167042
-0.0625	1.75	0.00110055
-0.0625	1.8125	0.000647902
-0.0625	1.875	0.000431509
-0.0625	1.9375	0.000209655
-0.0625	2	-1.21986e-05
0	-2	0
0	-1.9375	0.000209102
0	-1.875	0.000418205
0	-1.8125	0.000632947
0	-1.75	0.000847689
0	-1.6875	0.00141473
0	-1.625	0.00198177
0	-1.5625	0.00256762
0	-1.5	0.00315346
0	-1.4375	0.00513151
0	-1.375	0.00710956
0	-1.3125	0.00916508
0	-1.25	0.0112206
0	-1.1875	0.0209906
0	-1.125	0.0307606
0	-1.0625	0.0410433
0	-1	0.0513259
0	-0.9375	0.13363
0	-0.875	0.215935
0	-0.8125	0.350473
0	-0.75	0.485011
0	-0.6875	0.651312
0	-0.625	0.817613
0	-0.5625	0.880059
0	-0.5	0.942506
0	-0.4375	0.932531
0	-0.375	0.922556
0	-0.3125	0.951837
0	-0.25	0.981119
0	-0.1875	0.96996
0	-0.125	0.958801
0	-0.0625	0.967189
0	0	0.975578
0	0.0625	0.966849
0	0.125	0.95812
0	0.1875	0.96237
0	0.25	0.966621
0	0.3125	0.982723
0	0.375	0.998825
0	0.4375	0.966298
0	0.5	0.933772
0	0.5625	0.916
0	0.625	0.898228
0	0.6875	0.699705
0	0.75	0.501182
0	0.8125	0.359252
0	0.875	0.217323
0	0.9375	0.134577
0	1	0.0518319
0	1.0625	0.0413878
0	1.125	0.0309437
0	1.1875	0.0211265
0	1.25	0.0113092
0	1.3125	0.00923
0	1.375	0.00715079
0	1.4375	0.00516258
0	1.5	0.00317436
0	1.5625	0.0025831
0	1.625	0.00199183
0	1.6875	0.00142196
0	1.75	0.000852096
0	1.8125	0.000635703
0	1.875	0.00041931
0	1.9375	0.000209655
0	2	0
0.0625	-2	0
0.0625	-1.9375	0.000209102
0.0625	-1.875	0.00040529
0.0625	-1.8125	0.000620032
0.0625	-1.75	0.000618271
0.0625	-1.6875	0.00118531
0.0625	-1.625	0.00172679
0.0625	-1.5625	0.00231264
0.0625	-1.5	0.00231966
0.0625	-1.4375	0.00429771
0.0625	-1.375	0.0062168
0.0625	-1.3125	0.00827233
0.0625	-1.25	0.008466
0.0625	-1.1875	0.018236
0.0625	-1.125	0.0278319
0.0625	-1.0625	0.0381145
0.0625	-1	0.0417634
0.0625	-0.9375	0.124068
0.0625	-0.875	0.205579
0.0625	-0.8125	0.340117
0.0625	-0.75	0.42656
0.0625	-0.6875	0.592861
0.0625	-0.625	0.842544
0.0625	-0.5625	0.904991
0.0625	-0.5	0.944234
0.0625	-0.4375	0.934259
0.0625	-0.375	0.916532
0.0625	-0.3125	0.945813
0.0625	-0.25	0.972336
0.0625	-0.1875	0.961177
0.0625	-0.125	0.948656
0.0625	-0.0625	0.957044
0.0625	0	0.965088
0.0625	0.0625	0.956359
0.0625	0.125	0.94827
0.0625	0.1875	0.95252
0.0625	0.25	0.958446
0.0625	0.3125	0.974548
0.0625	0.375	0.994171
0.0625	0.4375	0.961644
0.0625	0.5	0.939276
0.0625	0.5625	0.921504
0.0625	0.625	0.930617
0.0625	0.6875	0.732093
0.0625	0.75	0.408467
0.0625	0.8125	0.266537
0.0625	0.875	0.166069
0.0625	0.9375	0.0833236
0.0625	1	0.0423544
0.0625	1.0625	0.0319103
0.0625	1.125	0.021741
0.0625	1.1875	0.0119237
0.0625	1.25	0.00856366
0.0625	1.3125	0.00648446
0.0625	1.375	0.00449569
0.0625	1.4375	0.00250748
0.0625	1.5	0.00234186
0.0625	1.5625	0.00175059
0.0625	1.625	0.0011966
0.0625	1.6875	0.000626736
0.0625	1.75	0.00062283
0.0625	1.8125	0.000406437
0.0625	1.875	0.000209655
0.0625	1.9375	0
0.0625	2	-0.000209655
0.125	-2	0
0.125	-1.9375	0.000196188
0.125	-1.875	0.000392376
0.125	-1.8125	0.000390615
0.125	-1.75	0.000388854
0.125	-1.6875	0.000930333
0.125	-1.625	0.00147181
0.125	-1.5625	0.00147883
0.125	-1.5	0.00148585
0.125	-1.4375	0.00340495
0.125	-1.375	0.00532404
0.125	-1.3125	0.00551772
0.125	-1.25	0.0057114
0.125	-1.1875	0.0153073
0.125	-1.125	0.0249032
0.125	-1.0625	0.0285521
0.125	-1	0.032201
0.125	-0.9375	0.113712
0.125	-0.875	0.195223
0.125	-0.8125	0.281666
0.125	-0.75	0.368109
0.125	-0.6875	0.617793
0.125	-0.625	0.867476
0.125	-0.5625	0.906719
0.125	-0.5	0.945962
0.125	-0.4375	0.928235
0.125	-0.375	0.910508
0.125	-0.3125	0.937031
0.125	-0.25	0.963553
0.125	-0.1875	0.951032
0.125	-0.125	0.938511
0.125	-0.0625	0.946555
0.125	0	0.954599
0.125	0.0625	0.946509
0.125	0.125	0.93842
0.125	0.1875	0.944345
0.125	0.25	0.950271
0.125	0.3125	0.969894
0.125	0.375	0.989517
0.125	0.4375	0.967149
0.125	0.5	0.94478
0.125	0.5625	0.953892
0.125	0.625	0.963005
0.125	0.6875	0.639378
0.125	0.75	0.315752
0.125	0.8125	0.215284
0.125	0.875	0.114815
0.125	0.9375	0.0738461
0.125	1	0.0328769
0.125	1.0625	0.0227076
0.125	1.125	0.0125382
0.125	1.1875	0.00917818
0.125	1.25	0.00581812
0.125	1.3125	0.00382936
0.125	1.375	0.00184059
0.125	1.4375	0.00167497
0.125	1.5	0.00150935
0.125	1.5625	0.000955365
0.125	1.625	0.000401376
0.125	1.6875	0.00039747
0.125	1.75	0.000393563
0.125	1.8125	0.000196782
0.125	1.875	0
0.125	1.9375	0
0.125	2	0
0.1875	-2	0
0.1875	-1.9375	0.000196188
0.1875	-1.875	0.000196188
0.1875	-1.8125	0.000194427
0.1875	-1.75	0.000194427
0.1875	-1.6875	0.000735906
0.1875	-1.625	0.000735906
0.1875	-1.5625	0.000742926
0.1875	-1.5	0.000742926
0.1875	-1.4375	0.00266202
0.1875	-1.375	0.00267936
0.1875	-1.3125	0.00287304
0.1875	-1.25	0.00298665
0.1875	-1.1875	0.0125825
0.1875	-1.125	0.0157394
0.1875	-1.0625	0.0193883
0.1875	-1	0.0228105
0.1875	-0.9375	0.104322
0.1875	-0.875	0.143841
0.1875	-0.8125	0.230284
0.1875	-0.75	0.28124
0.1875	-0.6875	0.530924
0.1875	-0.625	0.797382
0.1875	-0.5625	0.836625
0.1875	-0.5	0.95227
0.1875	-0.4375	0.934543
0.1875	-0.375	0.903419
0.1875	-0.3125	0.929942
0.1875	-0.25	0.955062
0.1875	-0.1875	0.942541
0.1875	-0.125	0.929602
0.1875	-0.0625	0.937646
0.1875	0	0.945763
0.1875	0.0625	0.937673
0.1875	0.125	0.929982
0.1875	0.1875	0.935908
0.1875	0.25	0.942819
0.1875	0.3125	0.962442
0.1875	0.375	0.984722
0.1875	0.4375	0.962354
0.1875	0.5	0.959015
0.1875	0.5625	0.968127
0.1875	0.625	0.870506
0.1875	0.6875	0.546879
0.1875	0.75	0.254833
0.1875	0.8125	0.154364
0.1875	0.875	0.103419
0.1875	0.9375	0.0624502
0.1875	1	0.0232655
0.1875	1.0625	0.0130962
0.1875	1.125	0.00963165
0.1875	1.1875	0.00627159
0.1875	1.25	0.00308089
0.1875	1.3125	0.00109213
0.1875	1.375	0.000958556
0.1875	1.4375	0.000792936
0.1875	1.5	0.000754677
0.1875	1.5625	0.000200688
0.1875	1.625	0.000200688
0.1875	1.6875	0.000196782
0.1875	1.75	0.000196782
0.1875	1.8125	0
0.1875	1.875	0
0.1875	1.9375	0
0.1875	2	0
0.25	-2	0
0.25	-1.9375	0
0.25	-1.875	0
0.25	-1.8125	0
0.25	-1.75	0
0.25	-1.6875	0
0.25	-1.625	0
0.25	-1.5625	0
0.25	-1.5	0
0.25	-1.4375	1.73364e-05
0.25	-1.375	3.46728e-05
0.25	-1.3125	0.000148287
0.25	-1.25	0.000261901
0.25	-1.1875	0.00341876
0.25	-1.125	0.00657562
0.25	-1.0625	0.00999784
0.25	-1	0.0134201
0.25	-0.9375	0.0529398
0.25	-0.875	0.0924594
0.25	-0.8125	0.143415
0.25	-0.75	0.194371
0.25	-0.6875	0.46083
0.25	-0.625	0.727288
0.25	-0.5625	0.842934
0.25	-0.5	0.958579
0.25	-0.4375	0.927455
0.25	-0.375	0.896331
0.25	-0.3125	0.921451
0.25	-0.25	0.946571
0.25	-0.1875	0.933632
0.25	-0.125	0.920693
0.25	-0.0625	0.92881
0.25	0	0.936927
0.25	0.0625	0.929236
0.25	0.125	0.921545
0.25	0.1875	0.928456
0.25	0.25	0.935367
0.25	0.3125	0.957647
0.25	0.375	0.979927
0.25	0.4375	0.976589
0.25	0.5	0.97325
0.25	0.5625	0.875628
0.25	0.625	0.778006
0.25	0.6875	0.48596
0.25	0.75	0.193913
0.25	0.8125	0.142968
0.25	0.875	0.0920234
0.25	0.9375	0.0528388
0.25	1	0.0136542
0.25	1.0625	0.0101896
0.25	1.125	0.00672506
0.25	1.1875	0.00353436
0.25	1.25	0.00034366
0.25	1.3125	0.000210089
0.25	1.375	7.65183e-05
0.25	1.4375	3.82592e-05
0.25	1.5	0
0.25	1.5625	0
0.25	1.625	0
0.25	1.6875	0
0.25	1.75	0
0.25	1.8125	0
0.25	1.875	0
0.25	1.9375	0
0.25	2	0
0.3125	-2	0
0.3125	-1.9375	0
0.3125	-1.875	0
0.3125	-1.8125	0
0.3125	-1.75	0
0.3125	-1.6875	0
0.3125	-1.625	0
0.3125	-1.5625	0
0.3125	-1.5	0
0.3125	-1.4375	1.73364e-05
0.3125	-1.375	1.73364e-05
0.3125	-1.3125	0.00013095
0.3125	-1.25	0.00013095
0.3125	-1.1875	0.00328781
0.3125	-1.125	0.00612286
0.3125	-1.0625	0.00954508
0.3125	-1	0.00954545
0.3125	-0.9375	0.0490651
0.3125	-0.875	0.0872364
0.3125	-0.8125	0.138192
0.3125	-0.75	0.148674
0.3125	-0.6875	0.415132
0.3125	-0.625	0.618515
0.3125	-0.5625	0.73416
0.3125	-0.5	0.963786
0.3125	-0.4375	0.932662
0.3125	-0.375	0.890417
0.3125	-0.3125	0.915537
0.3125	-0.25	0.940006
0.3125	-0.1875	0.927067
0.3125	-0.125	0.914665
0.3125	-0.0625	0.922782
0.3125	0	0.931393
0.3125	0.0625	0.923702
0.3125	0.125	0.916433
0.3125	0.1875	0.923344
0.3125	0.25	0.930774
0.3125	0.3125	0.953054
0.3125	0.375	0.97737
0.3125	0.4375	0.974031
0.3125	0.5	0.991713
0.3125	0.5625	0.894091
0.3125	0.625	0.604106
0.3125	0.6875	0.31206
0.3125	0.75	0.148415
0.3125	0.8125	0.0974705
0.3125	0.875	0.0567736
0.3125	0.9375	0.017589
0.3125	1	0.0098474
0.3125	1.0625	0.00638284
0.3125	1.125	0.00336253
0.3125	1.1875	0.00017183
0.3125	1.25	0.00017183
0.3125	1.3125	3.82592e-05
0.3125	1.375	3.82592e-05
0.3125	1.4375	0
0.3125	1.5	0
0.3125	1.5625	0
0.3125	1.625	0
0.3125	1.6875	0
0.3125	1.75	0
0.3125	1.8125	0
0.3125	1.875	0
0.3125	1.9375	0
0.3125	2	0
0.375	-2	0
0.375	-1.9375	0
0.375	-1.875	0
0.375	-1.8125	0
0.375	-1.75	0
0.375	-1.6875	0
0.375	-1.625	0
0.375	-1.5625	0
0.375	-1.5	0
0.375	-1.4375	0
0.375	-1.375	0
0.375	-1.3125	0
0.375	-1.25	0
0.375	-1.1875	0.00283505
0.375	-1.125	0.0056701
0.375	-1.0625	0.00567047
0.375	-1	0.00567083
0.375	-0.9375	0.0438421
0.375	-0.875	0.0820133
0.375	-0.8125	0.0924947
0.375	-0.75	0.102976
0.375	-0.6875	0.306358
0.375	-0.625	0.509741
0.375	-0.5625	0.739367
0.375	-0.5	0.968993
0.375	-0.4375	0.926748
0.375	-0.375	0.884503
0.375	-0.3125	0.908972
0.375	-0.25	0.933441
0.375	-0.1875	0.921039
0.375	-0.125	0.908638
0.375	-0.0625	0.917249
0.375	0	0.92586
0.375	0.0625	0.91859
0.375	0.125	0.91132
0.375	0.1875	0.918751
0.375	0.25	0.926181
0.375	0.3125	0.950497
0.375	0.375	0.974812
0.375	0.4375	0.992494
0.375	0.5	1.01018
0.375	0.5625	0.720191
0.375	0.625	0.430206
0.375	0.6875	0.266562
0.375	0.75	0.102918
0.375	0.8125	0.0622207
0.375	0.875	0.0215238
0.375	0.9375	0.0137822
0.375	1	0.00604062
0.375	1.0625	0.00302031
0.375	1.125	0
0.375	1.1875	0
0.375	1.25	0
0.375	1.3125	0
0.375	1.375	0
0.375	1.4375	0
0.375	1.5	0
0.375	1.5625	0
0.375	1.625	0
0.375	1.6875	0
0.375	1.75	0
0.375	1.8125	0
0.375	1.875	0
0.375	1.9375	0
0.375	2	0
0.4375	-2	0
0.4375	-1.9375	0
0.4375	-1.875	0
0.4375	-1.8125	0
0.4375	-1.75	0
0.4375	-1.6875	0
0.4375	-1.625	0
0.4375	-1.5625	0
0.4375	-1.5	0
0.4375	-1.4375	0
0.4375	-1.375	0
0.4375	-1.3125	0
0.4375	-1.25	0
0.4375	-1.1875	0.00283505
0.4375	-1.125	0.00283505
0.4375	-1.0625	0.00283541
0.4375	-1	0.00283541
0.4375	-0.9375	0.0410067
0.4375	-0.875	0.0474516
0.4375	-0.8125	0.0579331
0.4375	-0.75	0.065829
0.4375	-0.6875	0.269211
0.4375	-0.625	0.412493
0.4375	-0.5625	0.642119
0.4375	-0.5	0.97742
0.4375	-0.4375	0.935175
0.4375	-0.375	0.892371
0.4375	-0.3125	0.91684
0.4375	-0.25	0.929087
0.4375	-0.1875	0.916686
0.4375	-0.125	0.901506
0.4375	-0.0625	0.910117
0.4375	0	0.919107
0.4375	0.0625	0.911838
0.4375	0.125	0.906179
0.4375	0.1875	0.913609
0.4375	0.25	0.927666
0.4375	0.3125	0.951982
0.4375	0.375	0.997025
0.4375	0.4375	1.01471
0.4375	0.5	1.03328
0.4375	0.5625	0.743299
0.4375	0.625	0.372186
0.4375	0.6875	0.208542
0.4375	0.75	0.0659334
0.4375	0.8125	0.0252365
0.4375	0.875	0.0173431
0.4375	0.9375	0.00960154
0.4375	1	0.00302031
0.4375	1.0625	0
0.4375	1.125	0
0.4375	1.1875	0
0.4375	1.25	0
0.4375	1.3125	0
0.4375	1.375	0
0.4375	1.4375	0
0.4375	1.5	0
0.4375	1.5625	0
0.4375	1.625	0
0.4375	1.6875	0
0.4375	1.75	0
0.4375	1.8125	0
0.4375	1.875	0
0.4375	1.9375	0
0.4375	2	0
0.5	-2	0
0.5	-1.9375	0
0.5	-1.875	0
0.5	-1.8125	0
0.5	-1.75	0
0.5	-1.6875	0
0.5	-1.625	0
0.5	-1.5625	0
0.5	-1.5	0
0.5	-1.4375	0
0.5	-1.375	0
0.5	-1.3125	0
0.5	-1.25	0
0.5	-1.1875	0
0.5	-1.125	0
0.5	-1.0625	0
0.5	-1	0
0.5	-0.9375	0.00644498
0.5	-0.875	0.01289
0.5	-0.8125	0.0207859
0.5	-0.75	0.0286819
0.5	-0.6875	0.171964
0.5	-0.625	0.315245
0.5	-0.5625	0.650546
0.5	-0.5	0.985847
0.5	-0.4375	0.943043
0.5	-0.375	0.900239
0.5	-0.3125	0.912486
0.5	-0.25	0.924734
0.5	-0.1875	0.909554
0.5	-0.125	0.894374
0.5	-0.0625	0.903364
0.5	0	0.912355
0.5	0.0625	0.906696
0.5	0.125	0.901037
0.5	0.1875	0.915094
0.5	0.25	0.929152
0.5	0.3125	0.974194
0.5	0.375	1.01924
0.5	0.4375	1.03781
0.5	0.5	1.05639
0.5	0.5625	0.685279
0.5	0.625	0.314166
0.5	0.6875	0.171558
0.5	0.75	0.0289492
0.5	0.8125	0.0210558
0.5	0.875	0.0131625
0.5	0.9375	0.00658123
0.5	1	0
0.5	1.0625	0
0.5	1.125	0
0.5	1.1875	0
0.5	1.25	0
0.5	1.3125	0
0.5	1.375	0
0.5	1.4375	0
0.5	1.5	0
0.5	1.5625	0
0.5	1.625	0
0.5	1.6875	0
0.5	1.75	0
0.5	1.8125	0
0.5	1.875	0
0.5	1.9375	0
0.5	2	0
0.5625	-2	0
0.5625	-1.9375	0
0.5625	-1.875	0
0.5625	-1.8125	0
0.5625	-1.75	0
0.5625	-1.6875	0
0.5625	-1.625	0
0.5625	-1.5625	0
0.5625	-1.5	0
0.5625	-1.4375	0
0.5625	-1.375	0
0.5625	-1.3125	0
0.5625	-1.25	0
0.5625	-1.1875	0
0.5625	-1.125	0
0.5625	-1.0625	0
0.5625	-1	0
0.5625	-0.9375	0.00644498
0.5625	-0.875	0.0124848
0.5625	-0.8125	0.0203808
0.5625	-0.75	0.0205061
0.5625	-0.6875	0.163788
0.5625	-0.625	0.305087
0.5625	-0.5625	0.640388
0.5625	-0.5	0.67236
0.5625	-0.4375	0.629556
0.5625	-0.375	0.833949
0.5625	-0.3125	0.846196
0.5625	-0.25	0.95009
0.5625	-0.1875	0.93491
0.5625	-0.125	0.896229
0.5625	-0.0625	0.905219
0.5625	0	0.912446
0.5625	0.0625	0.906787
0.5625	0.125	0.91772
0.5625	0.1875	0.931777
0.5625	0.25	0.974711
0.5625	0.3125	1.01975
0.5625	0.375	0.884723
0.5625	0.4375	0.9033
0.5625	0.5	0.698983
0.5625	0.5625	0.327871
0.5625	0.625	0.179752
0.5625	0.6875	0.037143
0.5625	0.75	0.021031
0.5625	0.8125	0.0131376
0.5625	0.875	0.00658123
0.5625	0.9375	0
0.5625	1	0
0.5625	1.0625	0
0.5625	1.125	0
0.5625	1.1875	0
0.5625	1.25	0
0.5625	1.3125	0
0.5625	1.375	0
0.5625	1.4375	0
0.5625	1.5	0
0.5625	1.5625	0
0.5625	1.625	0
0.5625	1.6875	0
0.5625	1.75	0
0.5625	1.8125	0
0.5625	1.875	0
0.5625	1.9375	0
0.5625	2	0
0.625	-2	0
0.625	-1.9375	0
0.625	-1.875	0
0.625	-1.8125	0
0.625	-1.75	0
0.625	-1.6875	0
0.625	-1.625	0
0.625	-1.5625	0
0.625	-1.5	0
0.625	-1.4375	0
0.625	-1.375	0
0.625	-1.3125	0
0.625	-1.25	0
0.625	-1.1875	0
0.625	-1.125	0
0.625	-1.0625	0
0.625	-1	0
0.625	-0.9375	0.00603983
0.625	-0.875	0.0120797
0.625	-0.8125	0.012205
0.625	-0.75	0.0123303
0.625	-0.6875	0.15363
0.625	-0.625	0.294929
0.625	-0.5625	0.326901
0.625	-0.5	0.358873
0.625	-0.4375	0.563265
0.625	-0.375	0.767658
0.625	-0.3125	0.871552
0.625	-0.25	0.975446
0.625	-0.1875	0.936764
0.625	-0.125	0.898083
0.625	-0.0625	0.90531
0.625	0	0.912537
0.625	0.0625	0.92347
0.625	0.125	0.934403
0.625	0.1875	0.977336
0.625	0.25	1.02027
0.625	0.3125	0.885239
0.625	0.375	0.750209
0.625	0.4375	0.545892
0.625	0.5	0.341575
0.625	0.5625	0.193456
0.625	0.625	0.0453369
0.625	0.6875	0.0292248
0.625	0.75	0.0131128
0.625	0.8125	0.00655638
0.625	0.875	0
0.625	0.9375	0
0.625	1	0
0.625	1.0625	0
0.625	1.125	0
0.625	1.1875	0
0.625	1.25	0
0.625	1.3125	0
0.625	1.375	0
0.625	1.4375	0
0.625	1.5	0
0.625	1.5625	0
0.625	1.625	0
0.625	1.6875	0
0.625	1.75	0
0.625	1.8125	0
0.625	1.875	0
0.625	1.9375	0
0.625	2	0
0.6875	-2	0
0.6875	-1.9375	0
0.6875	-1.875	0
0.6875	-1.8125	0
0.6875	-1.75	0
0.6875	-1.6875	0
0.6875	-1.625	0
0.6875	-1.5625	0
0.6875	-1.5	0
0.6875	-1.4375	0
0.6875	-1.375	0
0.6875	-1.3125	0
0.6875	-1.25	0
0.6875	-1.1875	0
0.6875	-1.125	0
0.6875	-1.0625	0
0.6875	-1	0
0.6875	-0.9375	0.00603983
0.6875	-0.875	0.00603983
0.6875	-0.8125	0.00616515
0.6875	-0.75	0.00616515
0.6875	-0.6875	0.147464
0.6875	-0.625	0.161628
0.6875	-0.5625	0.1936
0.6875	-0.5	0.21201
0.6875	-0.4375	0.416403
0.6875	-0.375	0.489379
0.6875	-0.3125	0.593272
0.6875	-0.25	0.704296
0.6875	-0.1875	0.665615
0.6875	-0.125	0.830151
0.6875	-0.0625	0.837378
0.6875	0	0.870751
0.6875	0.0625	0.881684
0.6875	0.125	0.74406
0.6875	0.1875	0.786994
0.6875	0.25	0.728693
0.6875	0.3125	0.593662
0.6875	0.375	0.470603
0.6875	0.4375	0.266287
0.6875	0.5	0.201188
0.6875	0.5625	0.053069
0.6875	0.625	0.0363918
0.6875	0.6875	0.0202797
0.6875	0.75	0.00655638
0.6875	0.8125	0
0.6875	0.875	0
0.6875	0.9375	0
0.6875	1	0
0.6875	1.0625	0
0.6875	1.125	0
0.6875	1.1875	0
0.6875	1.25	0
0.6875	1.3125	0
0.6875	1.375	0
0.6875	1.4375	0
0.6875	1.5	0
0.6875	1.5625	0
0.6875	1.625	0
0.6875	1.6875	0
0.6875	1.75	0
0.6875	1.8125	0
0.6875	1.875	0
0.6875	1.9375	0
0.6875	2	0
0.75	-2	0
0.75	-1.9375	0
0.75	-1.875	0
0.75	-1.8125	0
0.75	-1.75	0
0.75	-1.6875	0
0.75	-1.625	0
0.75	-1.5625	0
0.75	-1.5	0
0.75	-1.4375	0
0.75	-1.375	0
0.75	-1.3125	0
0.75	-1.25	0
0.75	-1.1875	0
0.75	-1.125	0
0.75	-1.0625	0
0.75	-1	0
0.75	-0.9375	0
0.75	-0.875	0
0.75	-0.8125	0
0.75	-0.75	0
0.75	-0.6875	0.0141637
0.75	-0.625	0.0283274
0.75	-0.5625	0.0467376
0.75	-0.5	0.0651479
0.75	-0.4375	0.138124
0.75	-0.375	0.211099
0.75	-0.3125	0.322123
0.75	-0.25	0.433146
0.75	-0.1875	0.597682
0.75	-0.125	0.762218
0.75	-0.0625	0.795591
0.75	0	0.828964
0.75	0.0625	0.691341
0.75	0.125	0.553718
0.75	0.1875	0.495417
0.75	0.25	0.437116
0.75	0.3125	0.314057
0.75	0.375	0.190998
0.75	0.4375	0.125899
0.75	0.5	0.0608011
0.75	0.5625	0.0441239
0.75	0.625	0.0274466
0.75	0.6875	0.0137233
0.75	0.75	0
0.75	0.8125	0
0.75	0.875	0
0.75	0.9375	0
0.75	1	0
0.75	1.0625	0
0.75	1.125	0
0.75	1.1875	0
0.75	1.25	0
0.75	1.3125	0
0.75	1.375	0
0.75	1.4375	0
0.75	1.5	0
0.75	1.5625	0
0.75	1.625	0
0.75	1.6875	0
0.75	1.75	0
0.75	1.8125	0
0.75	1.875	0
0.75	1.9375	0
0.75	2	0
0.8125	-2	0
0.8125	-1.9375	0
0.8125	-1.875	0
0.8125	-1.8125	0
0.8125	-1.75	0
0.8125	-1.6875	0
0.8125	-1.625	0
0.8125	-1.5625	0
0.8125	-1.5	0
0.8125	-1.4375	0
0.8125	-1.375	0
0.8125	-1.3125	0
0.8125	-1.25	0
0.8125	-1.1875	0
0.8125	-1.125	0
0.8125	-1.0625	0
0.8125	-1	0
0.8125	-0.9375	0
0.8125	-0.875	0
0.8125	-0.8125	0
0.8125	-0.75	0
0.8125	-0.6875	0.0141637
0.8125	-0.625	0.0272755
0.8125	-0.5625	0.0456858
0.8125	-0.5	0.0462806
0.8125	-0.4375	0.119256
0.8125	-0.375	0.177927
0.8125	-0.3125	0.28895
0.8125	-0.25	0.292384
0.8125	-0.1875	0.45692
0.8125	-0.125	0.49509
0.8125	-0.0625	0.528463
0.8125	0	0.532813
0.8125	0.0625	0.395189
0.8125	0.125	0.357818
0.8125	0.1875	0.299517
0.8125	0.25	0.294278
0.8125	0.3125	0.171219
0.8125	0.375	0.111551
0.8125	0.4375	0.046453
0.8125	0.5	0.0439525
0.8125	0.5625	0.0272752
0.8125	0.625	0.0137233
0.8125	0.6875	0
0.8125	0.75	0
0.8125	0.8125	0
0.8125	0.875	0
0.8125	0.9375	0
0.8125	1	0
0.8125	1.0625	0
0.8125	1.125	0
0.8125	1.1875	0
0.8125	1.25	0
0.8125	1.3125	0
0.8125	1.375	0
0.8125	1.4375	0
0.8125	1.5	0
0.8125	1.5625	0
0.8125	1.625	0
0.8125	1.6875	0
0.8125	1.75	0
0.8125	1.8125	0
0.8125	1.875	0
0.8125	1.9375	0
0.8125	2	0
0.875	-2	0
0.875	-1.9375	0
0.875	-1.875	0
0.875	-1.8125	0
0.875	-1.75	0
0.875	-1.6875	0
0.875	-1.625	0
0.875	-1.5625	0
0.875	-1.5	0
0.875	-1.4375	0
0.875	-1.375	0
0.875	-1.3125	0
0.875	-1.25	0
0.875	-1.1875	0
0.875	-1.125	0
0.875	-1.0625	0
0.875	-1	0
0.875	-0.9375	0
0.875	-0.875	0
0.875	-0.8125	0
0.875	-0.75	0
0.875	-0.6875	0.0131118
0.875	-0.625	0.0262237
0.875	-0.5625	0.0268186
0.875	-0.5	0.0274134
0.875	-0.4375	0.0860836
0.875	-0.375	0.144754
0.875	-0.3125	0.148188
0.875	-0.25	0.151622
0.875	-0.1875	0.189792
0.875	-0.125	0.227962
0.875	-0.0625	0.232312
0.875	0	0.236661
0.875	0.0625	0.19929
0.875	0.125	0.161919
0.875	0.1875	0.15668
0.875	0.25	0.151441
0.875	0.3125	0.0917728
0.875	0.375	0.0321048
0.875	0.4375	0.0296043
0.875	0.5	0.0271038
0.875	0.5625	0.0135519
0.875	0.625	0
0.875	0.6875	0
0.875	0.75	0
0.875	0.8125	0
0.875	0.875	0
0.875	0.9375	0
0.875	1	0
0.875	1.0625	0
0.875	1.125	0
0.875	1.1875	0
0.875	1.25	0
0.875	1.3125	0
0.875	1.375	0
0.875	1.4375	0
0.875	1.5	0
0.875	1.5625	0
0.875	1.625	0
0.875	1.6875	0
0.875	1.75	0
0.875	1.8125	0
0.875	1.875	0
0.875	1.9375	0
0.875	2	0
0.9375	-2	0
0.9375	-1.9375	0
0.9375	-1.875	0
0.9375	-1.8125	0
0.9375	-1.75	0
0.9375	-1.6875	0
0.9375	-1.625	0
0.9375	-1.5625	0
0.9375	-1.5	0
0.9375	-1.4375	0
0.9375	-1.375	0
0.9375	-1.3125	0
0.9375	-1.25	0
0.9375	-1.1875	0
0.9375	-1.125	0
0.9375	-1.0625	0
0.9375	-1	0
0.9375	-0.9375	0
0.9375	-0.875	0
0.9375	-0.8125	0
0.9375	-0.75	0
0.9375	-0.6875	0.0131118
0.9375	-0.625	0.0131118
0.9375	-0.5625	0.0137067
0.9375	-0.5	0.0137067
0.9375	-0.4375	0.0723769
0.9375	-0.375	0.07264
0.9375	-0.3125	0.0760742
0.9375	-0.25	0.0777895
0.9375	-0.1875	0.115959
0.9375	-0.125	0.119703
0.9375	-0.0625	0.124053
0.9375	0	0.127593
0.9375	0.0625	0.0902225
0.9375	0.125	0.086694
0.9375	0.1875	0.0814548
0.9375	0.25	0.0777228
0.9375	0.3125	0.0180547
0.9375	0.375	0.0164489
0.9375	0.4375	0.0139484
0.9375	0.5	0.0135519
0.9375	0.5625	0
0.9375	0.625	0
0.9375	0.6875	0
0.9375	0.75	0
0.9375	0.8125	0
0.9375	0.875	0
0.9375	0.9375	0
0.9375	1	0
0.9375	1.0625	0
0.9375	1.125	0
0.9375	1.1875	0
0.9375	1.25	0
0.9375	1.3125	0
0.9375	1.375	0
0.9375	1.4375	0
0.9375	1.5	0
0.9375	1.5625	0
0.9375	1.625	0
0.9375	1.6875	0
0.9375	1.75	0
0.9375	1.8125	0
0.9375	1.875	0
0.9375	1.9375	0
0.9375	2	0
1	-2	0
1	-1.9375	0
1	-1.875	0
1	-1.8125	0
1	-1.75	0
1	-1.6875	0
1	-1.625	0
1	-1.5625	0
1	-1.5	0
1	-1.4375	0
1	-1.375	0
1	-1.3125	0
1	-1.25	0
1	-1.1875	0
1	-1.125	0
1	-1.0625	0
1	-1	0
1	-0.9375	0
1	-0.875	0
1	-0.8125	0
1	-0.75	0
1	-0.6875	0
1	-0.625	0
1	-0.5625	0
1	-0.5	0
1	-0.4375	0.000263118
1	-0.375	0.000526235
1	-0.3125	0.00224151
1	-0.25	0.00395678
1	-0.1875	0.00770076
1	-0.125	0.0114447
1	-0.0625	0.0149852
1	0	0.0185257
1	0.0625	0.0149972
1	0.125	0.0114687
1	0.1875	0.0077367
1	0.25	0.00400468
1	0.3125	0.00239885
1	0.375	0.000793028
1	0.4375	0.000396514
1	0.5	0
1	0.5625	0
1	0.625	0
1	0.6875	0
1	0.75	0
1	0.8125	0
1	0.875	0
1	0.9375	0
1	1	0
1	1.0625	0
1	1.125	0
1	1.1875	0
1	1.25	0
1	1.3125	0
1	1.375	0
1	1.4375	0
1	1.5	0
1	1.5625	0
1	1.625	0
1	1.6875	0
1	1.75	0
1	1.8125	0
1	1.875	0
1	1.9375	0
1	2	0
1.0625	-2	0
1.0625	-1.9375	0
1.0625	-1.875	0
1.0625	-1.8125	0
1.0625	-1.75	0
1.0625	-1.6875	0
1.0625	-1.625	0
1.0625	-1.5625	0
1.0625	-1.5	0
1.0625	-1.4375	0
1.0625	-1.375	0
1.0625	-1.3125	0
1.0625	-1.25	0
1.0625	-1.1875	0
1.0625	-1.125	0
1.0625	-1.0625	0
1.0625	-1	0
1.0625	-0.9375	0
1.0625	-0.875	0
1.0625	-0.8125	0
1.0625	-0.75	0
1.0625	-0.6875	0
1.0625	-0.625	0
1.0625	-0.5625	0
1.0625	-0.5	0
1.0625	-0.4375	0.000263118
1.0625	-0.375	0.000365224
1.0625	-0.3125	0.0020805
1.0625	-0.25	0.00212962
1.0625	-0.1875	0.0058736
1.0625	-0.125	0.00930122
1.0625	-0.0625	0.0128417
1.0625	0	0.0128713
1.0625	0.0625	0.00934284
1.0625	0.125	0.00595685
1.0625	0.1875	0.00222483
1.0625	0.25	0.00216471
1.0625	0.3125	0.000558887
1.0625	0.375	0.000396514
1.0625	0.4375	0
1.0625	0.5	0
1.0625	0.5625	0
1.0625	0.625	0
1.0625	0.6875	0
1.0625	0.75	0
1.0625	0.8125	0
1.0625	0.875	0
1.0625	0.9375	0
1.0625	1	0
1.0625	1.0625	0
1.0625	1.125	0
1.0625	1.1875	0
1.0625	1.25	0
1.0625	1.3125	0
1.0625	1.375	0
1.0625	1.4375	0
1.0625	1.5	0
1.0625	1.5625	0
1.0625	1.625	0
1.0625	1.6875	0
1.0625	1.75	0
1.0625	1.8125	0
1.0625	1.875	0
1.0625	1.9375	0
1.0625	2	0
1.125	-2	0
1.125	-1.9375	0
1.125	-1.875	0
1.125	-1.8125	0
1.125	-1.75	0
1.125	-1.6875	0
1.125	-1.625	0
1.125	-1.5625	0
1.125	-1.5	0
1.125	-1.4375	0
1.125	-1.375	0
1.125	-1.3125	0
1.125	-1.25	0
1.125	-1.1875	0
1.125	-1.125	0
1.125	-1.0625	0
1.125	-1	0
1.125	-0.9375	0
1.125	-0.875	0
1.125	-0.8125	0
1.125	-0.75	0
1.125	-0.6875	0
1.125	-0.625	0
1.125	-0.5625	0
1.125	-0.5	0
1.125	-0.4375	0.000102106
1.125	-0.375	0.000204212
1.125	-0.3125	0.000253338
1.125	-0.25	0.000302464
1.125	-0.1875	0.00373008
1.125	-0.125	0.0071577
1.125	-0.0625	0.00718733
1.125	0	0.00721696
1.125	0.0625	0.00383097
1.125	0.125	0.000444979
1.125	0.1875	0.000384863
1.125	0.25	0.000324746
1.125	0.3125	0.000162373
1.125	0.375	0
1.125	0.4375	0
1.125	0.5	0
1.125	0.5625	0
1.125	0.625	0
1.125	0.6875	0
1.125	0.75	0
1.125	0.8125	0
1.125	0.875	0
1.125	0.9375	0
1.125	1	0
1.125	1.0625	0
1.125	1.125	0
1.125	1.1875	0
1.125	1.25	0
1.125	1.3125	0
1.125	1.375	0
1.125	1.4375	0
1.125	1.5	0
1.125	1.5625	0
1.125	1.625	0
1.125	1.6875	0
1.125	1.75	0
1.125	1.8125	0
1.125	1.875	0
1.125	1.9375	0
1.125	2	0
1.1875	-2	0
1.1875	-1.9375	0
1.1875	-1.875	0
1.1875	-1.8125	0
1.1875	-1.75	0
1.1875	-1.6875	0
1.1875	-1.625	0
1.1875	-1.5625	0
1.1875	-1.5	0
1.1875	-1.4375	0
1.1875	-1.375	0
1.1875	-1.3125	0
1.1875	-1.25	0
1.1875	-1.1875	0
1.1875	-1.125	0
1.1875	-1.0625	0
1.1875	-1	0
1.1875	-0.9375	0
1.1875	-0.875	0
1.1875	-0.8125	0
1.1875	-0.75	0
1.1875	-0.6875	0
1.1875	-0.625	0
1.1875	-0.5625	0
1.1875	-0.5	0
1.1875	-0.4375	0.000102106
1.1875	-0.375	0.000102106
1.1875	-0.3125	0.000151232
1.1875	-0.25	0.000151232
1.1875	-0.1875	0.00357885
1.1875	-0.125	0.00357885
1.1875	-0.0625	0.00360848
1.1875	0	0.00360848
1.1875	0.0625	0.00022249
1.1875	0.125	0.00022249
1.1875	0.1875	0.000162373
1.1875	0.25	0.000162373
1.1875	0.3125	0
1.1875	0.375	0
1.1875	0.4375	0
1.1875	0.5	0
1.1875	0.5625	0
1.1875	0.625	0
1.1875	0.6875	0
1.1875	0.75	0
1.1875	0.8125	0
1.1875	0.875	0
1.1875	0.9375	0
1.1875	1	0
1.1875	1.0625	0
1.1875	1.125	0
1.1875	1.1875	0
1.1875	1.25	0
1.1875	1.3125	0
1.1875	1.375	0
1.1875	1.4375	0
1.1875	1.5	0
1.1875	1.5625	0
1.1875	1.625	0
1.1875	1.6875	0
1.1875	1.75	0
1.1875	1.8125	0
1.1875	1.875	0
1.1875	1.9375	0
1.1875	2	0
1.25	-2	0
1.25	-1.9375	0
1.25	-1.875	0
1.25	-1.8125	0
1.25	-1.75	0
1.25	-1.6875	0
1.25	-1.625	0
1.25	-1.5625	0
1.25	-1.5	0
1.25	-1.4375	0
1.25	-1.375	0
1.25	-1.3125	0
1.25	-1.25	0
1.25	-1.1875	0
1.25	-1.125	0
1.25	-1.0625	0
1.25	-1	0
1.25	-0.9375	0
1.25	-0.875	0
1.25	-0.8125	0
1.25	-0.75	0
1.25	-0.6875	0
1.25	-0.625	0
1.25	-0.5625	0
1.25	-0.5	0
1.25	-0.4375	0
1.25	-0.375	0
1.25	-0.3125	0
1.25	-0.25	0
1.25	-0.1875	0
1.25	-0.125	0
1.25	-0.0625	0
1.25	0	0
1.25	0.0625	0
1.25	0.125	0
1.25	0.1875	0
1.25	0.25	0
1.25	0.3125	0
1.25	0.375	0
1.25	0.4375	0
1.25	0.5	0
1.25	0.5625	0
1.25	0.625	0
1.25	0.6875	0
1.25	0.75	0
1.25	0.8125	0
1.25	0.875	0
1.25	0.9375	0
1.25	1	0
1.25	1.0625	0
1.25	1.125	0
1.25	1.1875	0
1.25	1.25	0
1.25	1.3125	0
1.25	1.375	0
1.25	1.4375	0
1.25	1.5	0
1.25	1.5625	0
1.25	1.625	0
1.25	1.6875	0
1.25	1.75	0
1.25	1.8125	0
1.25	1.875	0
1.25	1.9375	0
1.25	2	0
1.3125	-2	0
1.3125	-1.9375	0
1.3125	-1.875	0
1.3125	-1.8125	0
1.3125	-1.75	0
1.3125	-1.6875	0
1.3125	-1.625	0
1.3125	-1.5625	0
1.3125	-1.5	0
1.3125	-1.4375	0
1.3125	-1.375	0
1.3125	-1.3125	0
1.3125	-1.25	0
1.3125	-1.1875	0
1.3125	-1.125	0
1.3125	-1.0625	0
1.3125	-1	0
1.3125	-0.9375	0
1.3125	-0.875	0
1.3125	-0.8125	0
1.3125	-0.75	0
1.3125	-0.6875	0
1.3125	-0.625	0
1.3125	-0.5625	0
1.3125	-0.5	0
1.3125	-0.4375	0
1.3125	-0.375	0
1.3125	-0.3125	0
1.3125	-0.25	0
1.3125	-0.1875	0
1.3125	-0.125	0
1.3125	-0.0625	0
1.3125	0	0
1.3125	0.0625	0
1.3125	0.125	0
1.3125	0.1875	0
1.3125	0.25	0
1.3125	0.3125	0
1.3125	0.375	0
1.3125	0.4375	0
1.3125	0.5	0
1.3125	0.5625	0
1.3125	0.625	0
1.3125	0.6875	0
1.3125	0.75	0
1.3125	0.8125	0
1.3125	0.875	0
1.3125	0.9375	0
1.3125	1	0
1.3125	1.0625	0
1.3125	1.125	0
1.3125	1.1875	0
1.3125	1.25	0
1.3125	1.3125	0
1.3125	1.375	0
1.3125	1.4375	0
1.3125	1.5	0
1.3125	1.5625	0
1.3125	1.625	0
1.3125	1.6875	0
1.3125	1.75	0
1.3125	1.8125	0
1.3125	1.875	0
1.3125	1.9375	0
1.3125	2	0
1.375	-2	0
1.375	-1.9375	0
1.375	-1.875	0
1.375	-1.8125	0
1.375	-1.75	0
1.375	-1.6875	0
1.375	-1.625	0
1.375	-1.5625	0
1.375	-1.5	0
1.375	-1.4375	0
1.375	-1.375	0
1.375	-1.3125	0
1.375	-1.25	0
1.375	-1.1875	0
1.375	-1.125	0
1.375	-1.0625	0
1.375	-1	0
1.375	-0.9375	0
1.375	-0.875	0
1.375	-0.8125	0
1.375	-0.75	0
1.375	-0.6875	0
1.375	-0.625	0
1.375	-0.5625	0
1.375	-0.5	0
1.375	-0.4375	0
1.375	-0.375	0
1.375	-0.3125	0
1.375	-0.25	0
1.375	-0.1875	0
1.375	-0.125	0
1.375	-0.0625	0
1.375	0	0
1.375	0.0625	0
1.375	0.125	0
1.375	0.1875	0
1.375	0.25	0
1.375	0.3125	0
1.375	0.375	0
1.375	0.4375	0
1.375	0.5	0
1.375	0.5625	0
1.375	0.625	0
1.375	0.6875	0
1.375	0.75	0
1.375	0.8125	0
1.375	0.875	0
1.375	0.9375	0
1.375	1	0
1.375	1.0625	0
1.375	1.125	0
1.375	1.1875	0
1.375	1.25	0
1.375	1.3125	0
1.375	1.375	0
1.375	1.4375	0
1.375	1.5	0
1.375	1.5625	0
1.375	1.625	0
1.375	1.6875	0
1.375	1.75	0
1.375	1.8125	0
1.375	1.875	0
1.375	1.9375	0
1.375	2	0
1.4375	-2	0
1.4375	-1.9375	0
1.4375	-1.875	0
1.4375	-1.8125	0
1.4375	-1.75	0
1.4375	-1.6875	0
1.4375	-1.625	0
1.4375	-1.5625	0
1.4375	-1.5	0
1.4375	-1.4375	0
1.4375	-1.375	0
1.4375	-1.3125	0
1.4375	-1.25	0
1.4375	-1.1875	0
1.4375	-1.125	0
1.4375	-1.0625	0
1.4375	-1	0
1.4375	-0.9375	0
1.4375	-0.875	0
1.4375	-0.8125	0
1.4375	-0.75	0
1.4375	-0.6875	0
1.4375	-0.625	0
1.4375	-0.5625	0
1.4375	-0.5	0
1.4375	-0.4375	0
1.4375	-0.375	0
1.4375	-0.3125	0
1.4375	-0.25	0
1.4375	-0.1875	0
1.4375	-0.125	0
1.4375	-0.0625	0
1.4375	0	0
1.4375	0.0625	0
1.4375	0.125	0
1.4375	0.1875	0
1.4375	0.25	0
1.4375	0.3125	0
1.4375	0.375	0
1.4375	0.4375	0
1.4375	0.5	0
1.4375	0.5625	0
1.4375	0.625	0
1.4375	0.6875	0
1.4375	0.75	0
1.4375	0.8125	0
1.4375	0.875	0
1.4375	0.9375	0
1.4375	1	0
1.4375	1.0625	0
1.4375	1.125	0
1.4375	1.1875	0
1.4375	1.25	0
1.4375	1.3125	0
1.4375	1.375	0
1.4375	1.4375	0
1.4375	1.5	0
1.4375	1.5625	0
1.4375	1.625	0
1.4375	1.6875	0
1.4375	1.75	0
1.4375	1.8125	0
1.4375	1.875	0
1.4375	1.9375	0
1.4375	2	0
1.5	-2	0
1.5	-1.9375	0
1.5	-1.875	0
1.5	-1.8125	0
1.5	-1.75	0
1.5	-1.6875	0
1.5	-1.625	0
1.5	-1.5625	0
1.5	-1.5	0
1.5	-1.4375	0
1.5	-1.375	0
1.5	-1.3125	0
1.5	-1.25	0
1.5	-1.1875	0
1.5	-1.125	0
1.5	-1.0625	0
1.5	-1	0
1.5	-0.9375	0
1.5	-0.875	0
1.5	-0.8125	0
1.5	-0.75	0
1.5	-0.6875	0
1.5	-0.625	0
1.5	-0.5625	0
1.5	-0.5	0
1.5	-0.4375	0
1.5	-0.375	0
1.5	-0.3125	0
1.5	-0.25	0
1.5	-0.1875	0
1.5	-0.125	0
1.5	-0.0625	0
1.5	0	0
1.5	0.0625	0
1.5	0.125	0
1.5	0.1875	0
1.5	0.25	0
1.5	0.3125	0
1.5	0.375	0
1.5	0.4375	0
1.5	0.5	0
1.5	0.5625	0
1.5	0.625	0
1.5	0.6875	0
1.5	0.75	0
1.5	0.8125	0
1.5	0.875	0
1.5	0.9375	0
1.5	1	0
1.5	1.0625	0
1.5	1.125	0
1.5	1.1875	0
1.5	1.25	0
1.5	1.3125	0
1.5	1.375	0
1.5	1.4375	0
1.5	1.5	0
1.5	1.5625	0
1.5	1.625	0
1.5	1.6875	0
1.5	1.75	0
1.5	1.8125	0
1.5	1.875	0
1.5	1.9375	0
1.5	2	0
1.5625	-2	0
1.5625	-1.9375	0
1.5625	-1.875	0
1.5625	-1.8125	0
1.5625	-1.75	0
1.5625	-1.6875	0
1.5625	-1.625	0
1.5625	-1.5625	0
1.5625	-1.5	0
1.5625	-1.4375	0
1.5625	-1.375	0
1.5625	-1.3125	0
1.5625	-1.25	0
1.5625	-1.1875	0
1.5625	-1.125	0
1.5625	-1.0625	0
1.5625	-1	0
1.5625	-0.9375	0
1.5625	-0.875	0
1.5625	-0.8125	0
1.5625	-0.75	0
1.5625	-0.6875	0
1.5625	-0.625	0
1.5625	-0.5625	0
1.5625	-0.5	0
1.5625	-0.4375	0
1.5625	-0.375	0
1.5625	-0.3125	0
1.5625	-0.25	0
1.5625	-0.1875	0
1.5625	-0.125	0
1.5625	-0.0625	0
1.5625	0	0
1.5625	0.0625	0
1.5625	0.125	0
1.5625	0.1875	0
1.5625	0.25	0
1.5625	0.3125	0
1.5625	0.375	0
1.5625	0.4375	0
1.5625	0.5	0
1.5625	0.5625	0
1.5625	0.625	0
1.5625	0.6875	0
1.5625	0.75	0
1.5625	0.8125	0
1.5625	0.875	0
1.5625	0.9375	0
1.5625	1	0
1.5625	1.0625	0
1.5625	1.125	0
1.5625	1.1875	0
1.5625	1.25	0
1.5625	1.3125	0
1.5625	1.375	0
1.5625	1.4375	0
1.5625	1.5	0
1.5625	1.5625	0
1.5625	1.625	0
1.5625	1.6875	0
1.5625	1.75	0
1.5625	1.8125	0
1.5625	1.875	0
1.5625	1.9375	0
1.5625	2	0
1.625	-2	0
1.625	-1.9375	0
1.625	-1.875	0
1.625	-1.8125	0
1.625	-1.75	0
1.625	-1.6875	0
1.625	-1.625	0
1.625	-1.5625	0
1.625	-1.5	0
1.625	-1.4375	0
1.625	-1.375	0
1.625	-1.3125	0
1.625	-1.25	0
1.625	-1.1875	0
1.625	-1.125	0
1.625	-1.0625	0
1.625	-1	0
1.625	-0.9375	0
1.625	-0.875	0
1.625	-0.8125	0
1.625	-0.75	0
1.625	-0.6875	0
1.625	-0.625	0
1.625	-0.5625	0
1.625	-0.5	0
1.625	-0.4375	0
1.625	-0.375	0
1.625	-0.3125	0
1.625	-0.25	0
1.625	-0.1875	0
1.625	-0.125	0
1.625	-0.0625	0
1.625	0	0
1.625	0.0625	0
1.625	0.125	0
1.625	0.1875	0
1.625	0.25	0
1.625	0.3125	0
1.625	0.375	0
1.625	0.4375	0
1.625	0.5	0
1.625	0.5625	0
1.625	0.625	0
1.625	0.6875	0
1.625	0.75	0
1.625	0.8125	0
1.625	0.875	0
1.625	0.9375	0
1.625	1	0
1.625	1.0625	0
1.625	1.125	0
1.625	1.1875	0
1.625	1.25	0
1.625	1.3125	0
1.625	1.375	0
1.625	1.4375	0
1.625	1.5	0
1.625	1.5625	0
1.625	1.625	0
1.625	1.6875	0
1.625	1.75	0
1.625	1.8125	0
1.625	1.875	0
1.625	1.9375	0
1.625	2	0
1.6875	-2	0
1.6875	-1.9375	0
1.6875	-1.875	0
1.6875	-1.8125	0
1.6875	-1.75	0
1.6875	-1.6875	0
1.6875	-1.625	0
1.6875	-1.5625	0
1.6875	-1.5	0
1.6875	-1.4375	0
1.6875	-1.375	0
1.6875	-1.3125	0
1.6875	-1.25	0
1.6875	-1.1875	0
1.6875	-1.125	0
1.6875	-1.0625	0
1.6875	-1	0
1.6875	-0.9375	0
1.6875	-0.875	0
1.6875	-0.8125	0
1.6875	-0.75	0
1.6875	-0.6875	0
1.6875	-0.625	0
1.6875	-0.5625	0
1.6875	-0.5	0
1.6875	-0.4375	0
1.6875	-0.375	0
1.6875	-0.3125	0
1.6875	-0.25	0
1.6875	-0.1875	0
1.6875	-0.125	0
1.6875	-0.0625	0
1.6875	0	0
1.6875	0.0625	0
1.6875	0.125	0
1.6875	0.1875	0
1.6875	0.25	0
1.6875	0.3125	0
1.6875	0.375	0
1.6875	0.4375	0
1.6875	0.5	0
1.6875	0.5625	0
1.6875	0.625	0
1.6875	0.6875	0
1.6875	0.75	0
1.6875	0.8125	0
1.6875	0.875	0
1.6875	0.9375	0
1.6875	1	0
1.6875	1.0625	0
1.6875	1.125	0
1.6875	1.1875	0
1.6875	1.25	0
1.6875	1.3125	0
1.6875	1.375	0
1.6875	1.4375	0
1.6875	1.5	0
1.6875	1.5625	0
1.6875	1.625	0
1.6875	1.6875	0
1.6875	1.75	0
1.6875	1.8125	0
1.6875	1.875	0
1.6875	1.9375	0
1.6875	2	0
1.75	-2	0
1.75	-1.9375	0
1.75	-1.875	0
1.75	-1.8125	0
1.75	-1.75	0
1.75	-1.6875	0
1.75	-1.625	0
1.75	-1.5625	0
1.75	-1.5	0
1.75	-1.4375	0
1.75	-1.375	0
1.75	-1.3125	0
1.75	-1.25	0
1.75	-1.1875	0
1.75	-1.125	0
1.75	-1.0625	0
1.75	-1	0
1.75	-0.9375	0
1.75	-0.875	0
1.75	-0.8125	0
1.75	-0.75	0
1.75	-0.6875	0
1.75	-0.625	0
1.75	-0.5625	0
1.75	-0.5	0
1.75	-0.4375	0
1.75	-0.375	0
1.75	-0.3125	0
1.75	-0.25	0
1.75	-0.1875	0
1.75	-0.125	0
1.75	-0.0625	0
1.75	0	0
1.75	0.0625	0
1.75	0.125	0
1.75	0.1875	0
1.75	0.25	0
1.75	0.3125	0
1.75	0.375	0
1.75	0.4375	0
1.75	0.5	0
1.75	0.5625	0
1.75	0.625	0
1.75	0.6875	0
1.75	0.75	0
1.75	0.8125	0
1.75	0.875	0
1.75	0.9375	0
1.75	1	0
1.75	1.0625	0
1.75	1.125	0
1.75	1.1875	0
1.75	1.25	0
1.75	1.3125	0
1.75	1.375	0
1.75	1.4375	0
1.75	1.5	0
1.75	1.5625	0
1.75	1.625	0
1.75	1.6875	0
1.75	1.75	0
1.75	1.8125	0
1.75	1.875	0
1.75	1.9375	0
1.75	2	0
1.8125	-2	0
1.8125	-1.9375	0
1.8125	-1.875	0
1.8125	-1.8125	0
1.8125	-1.75	0
1.8125	-1.6875	0
1.8125	-1.625	0
1.8125	-1.5625	0
1.8125	-1.5	0
1.8125	-1.4375	0
1.8125	-1.375	0
1.8125	-1.3125	0
1.8125	-1.25	0
1.8125	-1.1875	0
1.8125	-1.125	0
1.8125	-1.0625	0
1.8125	-1	0
1.8125	-0.9375	0
1.8125	-0.875	0
1.8125	-0.8125	0
1.8125	-0.75	0
1.8125	-0.6875	0
1.8125	-0.625	0
1.8125	-0.5625	0
1.8125	-0.5	0
1.8125	-0.4375	0
1.8125	-0.375	0
1.8125	-0.3125	0
1.8125	-0.25	0
1.8125	-0.1875	0
1.8125	-0.125	0
1.8125	-0.0625	0
1.8125	0	0
1.8125	0.0625	0
1.8125	0.125	0
1.8125	0.1875	0
1.8125	0.25	0
1.8125	0.3125	0
1.8125	0.375	0
1.8125	0.4375	0
1.8125	0.5	0
1.8125	0.5625	0
1.8125	0.625	0
1.8125	0.6875	0
1.8125	0.75	0
1.8125	0.8125	0
1.8125	0.875	0
1.8125	0.9375	0
1.8125	1	0
1.8125	1.0625	0
1.8125	1.125	0
1.8125	1.1875	0
1.8125	1.25	0
1.8125	1.3125	0
1.8125	1.375	0
1.8125	1.4375	0
1.8125	1.5	0
1.8125	1.5625	0
1.8125	1.625	0
1.8125	1.6875	0
1.8125	1.75	0
1.8125	1.8125	0
1.8125	1.875	0
1.8125	1.9375	0
1.8125	2	0
1.875	-2	0
1.875	-1.9375	0
1.875	-1.875	0
1.875	-1.8125	0
1.875	-1.75	0
1.875	-1.6875	0
1.875	-1.625	0
1.875	-1.5625	0
1.875	-1.5	0
1.875	-1.4375	0
1.875	-1.375	0
1.875	-1.3125	0
1.875	-1.25	0
1.875	-1.1875	0
1.875	-1.125	0
1.875	-1.0625	0
1.875	-1	0
1.875	-0.9375	0
1.875	-0.875	0
1.875	-0.8125	0
1.875	-0.75	0
1.875	-0.6875	0
1.875	-0.625	0
1.875	-0.5625	0
1.875	-0.5	0
1.875	-0.4375	0
1.875	-0.375	0
1.875	-0.3125	0
1.875	-0.25	0
1.875	-0.1875	0
1.875	-0.125	0
1.875	-0.0625	0
1.875	0	0
1.875	0.0625	0
1.875	0.125	0
1.875	0.1875	0
1.875	0.25	0
1.875	0.3125	0
1.875	0.375	0
1.875	0.4375	0
1.875	0.5	0
1.875	0.5625	0
1.875	0.625	0
1.875	0.6875	0
1.875	0.75	0
1.875	0.8125	0
1.875	0.875	0
1.875	0.9375	0
1.875	1	0
1.875	1.0625	0
1.875	1.125	0
1.875	1.1875	0
1.875	1.25	0
1.875	1.3125	0
1.875	1.375	0
1.875	1.4375	0
1.875	1.5	0
1.875	1.5625	0
1.875	1.625	0
1.875	1.6875	0
1.875	1.75	0
1.875	1.8125	0
1.875	1.875	0
1.875	1.9375	0
1.875	2	0
1.9375	-2	0
1.9375	-1.9375	0
1.9375	-1.875	0
1.9375	-1.8125	0
1.9375	-1.75	0
1.9375	-1.6875	0
1.9375	-1.625	0
1.9375	-1.5625	0
1.9375	-1.5	0
1.9375	-1.4375	0
1.9375	-1.375	0
1.9375	-1.3125	0
1.9375	-1.25	0
1.9375	-1.1875	0
1.9375	-1.125	0
1.9375	-1.0625	0
1.9375	-1	0
1.9375	-0.9375	0
1.9375	-0.875	0
1.9375	-0.8125	0
1.9375	-0.75	0
1.9375	-0.6875	0
1.9375	-0.625	0
1.9375	-0.5625	0
1.9375	-0.5	0
1.9375	-0.4375	0
1.9375	-0.375	0
1.9375	-0.3125	0
1.9375	-0.25	0
1.9375	-0.1875	0
1.9375	-0.125	0
1.9375	-0.0625	0
1.9375	0	0
1.9375	0.0625	0
1.9375	0.125	0
1.9375	0.1875	0
1.9375	0.25	0
1.9375	0.3125	0
1.9375	0.375	0
1.9375	0.4375	0
1.9375	0.5	0
1.9375	0.5625	0
1.9375	0.625	0
1.9375	0.6875	0
1.9375	0.75	0
1.9375	0.8125	0
1.9375	0.875	0
1.9375	0.9375	0
1.9375	1	0
1.9375	1.0625	0
1.9375	1.125	0
1.9375	1.1875	0
1.9375	1.25	0
1.9375	1.3125	0
1.9375	1.375	0
1.9375	1.4375	0
1.9375	1.5	0
1.9375	1.5625	0
1.9375	1.625	0
1.9375	1.6875	0
1.9375	1.75	0
1.9375	1.8125	0
1.9375	1.875	0
1.9375	1.9375	0
1.9375	2	0
2	-2	0
2	-1.9375	0
2	-1.875	0
2	-1.8125	0
2	-1.75	0
2	-1.6875	0
2	-1.625	0
2	-1.5625	0
2	-1.5	0
2	-1.4375	0
2	-1.375	0
2	-1.3125	0
2	-1.25	0
2	-1.1875	0
2	-1.125	0
2	-1.0625	0
2	-1	0
2	-0.9375	0
2	-0.875	0
2	-0.8125	0
2	-0.75	0
2	-0.6875	0
2	-0.625	0
2	-0.5625	0
2	-0.5	0
2	-0.4375	0
2	-0.375	0
2	-0.3125	0
2	-0.25	0
2	-0.1875	0
2	-0.125	0
2	-0.0625	0
2	0	0
2	0.0625	0
2	0.125	0
2	0.1875	0
2	0.25	0
2	0.3125	0
2	0.375	0
2	0.4375	0
2	0.5	0
2	0.5625	0
2	0.625	0
2	0.6875	0
2	0.75	0
2	0.8125	0
2	0.875	0
2	0.9375	0
2	1	0
2	1.0625	0
2	1.125	0
2	1.1875	0
2	1.25	0
2	1.3125	0
2	1.375	0
2	1.4375	0
2	1.5	0
2	1.5625	0
2	1.625	0
2	1.6875	0
2	1.75	0
2	1.8125	0
2	1.875	0
2	1.9375	0
2	2	0
