-1.87500e+00	-1.87500e+00	3.00404e+01
-1.87500e+00	-1.75000e+00	-1.21215e+01
-1.87500e+00	-1.62500e+00	2.09725e+01
-1.87500e+00	-1.50000e+00	-1.09460e+01
-1.87500e+00	-1.37500e+00	1.56521e+01
-1.87500e+00	-1.25000e+00	-1.06693e+01
-1.87500e+00	-1.12500e+00	1.17495e+01
-1.87500e+00	-1.00000e+00	-1.06060e+01
-1.87500e+00	-8.75000e-01	8.21690e+00
-1.87500e+00	-7.50000e-01	-1.04409e+01
-1.87500e+00	-6.25000e-01	4.55228e+00
-1.87500e+00	-5.00000e-01	-9.95375e+00
-1.87500e+00	-3.75000e-01	5.19172e-01
-1.87500e+00	-2.50000e-01	-8.91545e+00
-1.87500e+00	-1.25000e-01	-3.80453e+00
-1.87500e+00	0.00000e+00	-7.19225e+00
-1.87500e+00	1.25000e-01	-8.09416e+00
-1.87500e+00	2.50000e-01	-4.83138e+00
-1.87500e+00	3.75000e-01	-1.19265e+01
-1.87500e+00	5.00000e-01	-2.07766e+00
-1.87500e+00	6.25000e-01	-1.50270e+01
-1.87500e+00	7.50000e-01	7.79346e-01
-1.87500e+00	8.75000e-01	-1.73749e+01
-1.87500e+00	1.00000e+00	3.57446e+00
-1.87500e+00	1.12500e+00	-1.92109e+01
-1.87500e+00	1.25000e+00	6.38877e+00
-1.87500e+00	1.37500e+00	-2.09284e+01
-1.87500e+00	1.50000e+00	9.55080e+00
-1.87500e+00	1.62500e+00	-2.33026e+01
-1.87500e+00	1.75000e+00	1.38298e+01
-1.87500e+00	1.87500e+00	-2.82864e+01
-1.75000e+00	-1.87500e+00	-1.21417e+01
-1.75000e+00	-1.75000e+00	1.94865e-01
-1.75000e+00	-1.62500e+00	-1.00435e+01
-1.75000e+00	-1.50000e+00	1.28513e+00
-1.75000e+00	-1.37500e+00	-7.65540e+00
-1.75000e+00	-1.25000e+00	2.25472e+00
-1.75000e+00	-1.12500e+00	-5.34258e+00
-1.75000e+00	-1.00000e+00	3.03048e+00
-1.75000e+00	-8.75000e-01	-3.01756e+00
-1.75000e+00	-7.50000e-01	3.66425e+00
-1.75000e+00	-6.25000e-01	-5.73848e-01
-1.75000e+00	-5.00000e-01	4.16825e+00
-1.75000e+00	-3.75000e-01	2.01081e+00
-1.75000e+00	-2.50000e-01	4.50224e+00
-1.75000e+00	-1.25000e-01	4.55038e+00
-1.75000e+00	0.00000e+00	4.62354e+00
-1.75000e+00	1.25000e-01	6.74305e+00
-1.75000e+00	2.50000e-01	4.51068e+00
-1.75000e+00	3.75000e-01	8.27529e+00
-1.75000e+00	5.00000e-01	4.18092e+00
-1.75000e+00	6.25000e-01	9.01488e+00
-1.75000e+00	7.50000e-01	3.67614e+00
-1.75000e+00	8.75000e-01	9.06359e+00
-1.75000e+00	1.00000e+00	3.03881e+00
-1.75000e+00	1.12500e+00	8.72890e+00
-1.75000e+00	1.25000e+00	2.25910e+00
-1.75000e+00	1.37500e+00	8.33043e+00
-1.75000e+00	1.50000e+00	1.28631e+00
-1.75000e+00	1.62500e+00	8.38342e+00
-1.75000e+00	1.75000e+00	1.93952e-01
-1.75000e+00	1.87500e+00	1.00717e+01
-1.62500e+00	-1.87500e+00	1.64236e+01
-1.62500e+00	-1.75000e+00	-7.75624e+00
-1.62500e+00	-1.62500e+00	1.41572e+01
-1.62500e+00	-1.50000e+00	-7.83210e+00
-1.62500e+00	-1.37500e+00	1.18015e+01
-1.62500e+00	-1.25000e+00	-8.21764e+00
-1.62500e+00	-1.12500e+00	9.66966e+00
-1.62500e+00	-1.00000e+00	-8.75469e+00
-1.62500e+00	-8.75000e-01	7.39496e+00
-1.62500e+00	-7.50000e-01	-9.19604e+00
-1.62500e+00	-6.25000e-01	4.61676e+00
-1.62500e+00	-5.00000e-01	-9.28141e+00
-1.62500e+00	-3.75000e-01	1.06409e+00
-1.62500e+00	-2.50000e-01	-8.64391e+00
-1.62500e+00	-1.25000e-01	-3.08347e+00
-1.62500e+00	0.00000e+00	-7.10264e+00
-1.62500e+00	1.25000e-01	-7.37683e+00
-1.62500e+00	2.50000e-01	-4.69144e+00
-1.62500e+00	3.75000e-01	-1.12296e+01
-1.62500e+00	5.00000e-01	-1.74552e+00
-1.62500e+00	6.25000e-01	-1.42113e+01
-1.62500e+00	7.50000e-01	1.26964e+00
-1.62500e+00	8.75000e-01	-1.61670e+01
-1.62500e+00	1.00000e+00	3.95612e+00
-1.62500e+00	1.12500e+00	-1.74055e+01
-1.62500e+00	1.25000e+00	6.29610e+00
-1.62500e+00	1.37500e+00	-1.82687e+01
-1.62500e+00	1.50000e+00	8.36743e+00
-1.62500e+00	1.62500e+00	-1.91112e+01
-1.62500e+00	1.75000e+00	1.01466e+01
-1.62500e+00	1.87500e+00	-2.00608e+01
-1.50000e+00	-1.87500e+00	-9.32782e+00
-1.50000e+00	-1.75000e+00	1.93100e+00
-1.50000e+00	-1.62500e+00	-8.41980e+00
-1.50000e+00	-1.50000e+00	2.19985e+00
-1.50000e+00	-1.37500e+00	-7.03754e+00
-1.50000e+00	-1.25000e+00	2.60333e+00
-1.50000e+00	-1.12500e+00	-5.36937e+00
-1.50000e+00	-1.00000e+00	2.94109e+00
-1.50000e+00	-8.75000e-01	-3.45516e+00
-1.50000e+00	-7.50000e-01	3.20721e+00
-1.50000e+00	-6.25000e-01	-1.27036e+00
-1.50000e+00	-5.00000e-01	3.39336e+00
-1.50000e+00	-3.75000e-01	1.18323e+00
-1.50000e+00	-2.50000e-01	3.45730e+00
-1.50000e+00	-1.25000e-01	3.59915e+00
-1.50000e+00	0.00000e+00	3.46933e+00
-1.50000e+00	1.25000e-01	5.71346e+00
-1.50000e+00	2.50000e-01	3.47067e+00
-1.50000e+00	3.75000e-01	7.21463e+00
-1.50000e+00	5.00000e-01	3.41477e+00
-1.50000e+00	6.25000e-01	7.84807e+00
-1.50000e+00	7.50000e-01	3.22785e+00
-1.50000e+00	8.75000e-01	7.55191e+00
-1.50000e+00	1.00000e+00	2.95598e+00
-1.50000e+00	1.12500e+00	6.78461e+00
-1.50000e+00	1.25000e+00	2.61234e+00
-1.50000e+00	1.37500e+00	5.90736e+00
-1.50000e+00	1.50000e+00	2.20462e+00
-1.50000e+00	1.62500e+00	5.26353e+00
-1.50000e+00	1.75000e+00	1.93346e+00
-1.50000e+00	1.87500e+00	4.94630e+00
-1.37500e+00	-1.87500e+00	9.34843e+00
-1.37500e+00	-1.75000e+00	-3.99839e+00
-1.37500e+00	-1.62500e+00	9.29268e+00
-1.37500e+00	-1.50000e+00	-4.80660e+00
-1.37500e+00	-1.37500e+00	8.70420e+00
-1.37500e+00	-1.25000e+00	-5.71995e+00
-1.37500e+00	-1.12500e+00	7.83961e+00
-1.37500e+00	-1.00000e+00	-6.69286e+00
-1.37500e+00	-8.75000e-01	6.47926e+00
-1.37500e+00	-7.50000e-01	-7.51786e+00
-1.37500e+00	-6.25000e-01	4.31043e+00
-1.37500e+00	-5.00000e-01	-7.92428e+00
-1.37500e+00	-3.75000e-01	1.04464e+00
-1.37500e+00	-2.50000e-01	-7.42214e+00
-1.37500e+00	-1.25000e-01	-2.67075e+00
-1.37500e+00	0.00000e+00	-6.13900e+00
-1.37500e+00	1.25000e-01	-6.44676e+00
-1.37500e+00	2.50000e-01	-4.10167e+00
-1.37500e+00	3.75000e-01	-1.00623e+01
-1.37500e+00	5.00000e-01	-1.30772e+00
-1.37500e+00	6.25000e-01	-1.30591e+01
-1.37500e+00	7.50000e-01	1.84406e+00
-1.37500e+00	8.75000e-01	-1.46881e+01
-1.37500e+00	1.00000e+00	4.43367e+00
-1.37500e+00	1.12500e+00	-1.53613e+01
-1.37500e+00	1.25000e+00	6.38602e+00
-1.37500e+00	1.37500e+00	-1.54487e+01
-1.37500e+00	1.50000e+00	7.77290e+00
-1.37500e+00	1.62500e+00	-1.52542e+01
-1.37500e+00	1.75000e+00	8.69154e+00
-1.37500e+00	1.87500e+00	-1.49998e+01
-1.25000e+00	-1.87500e+00	-7.74274e+00
-1.25000e+00	-1.75000e+00	2.49787e+00
-1.25000e+00	-1.62500e+00	-7.51653e+00
-1.25000e+00	-1.50000e+00	2.38234e+00
-1.25000e+00	-1.37500e+00	-6.75774e+00
-1.25000e+00	-1.25000e+00	2.45893e+00
-1.25000e+00	-1.12500e+00	-5.56410e+00
-1.25000e+00	-1.00000e+00	2.48566e+00
-1.25000e+00	-8.75000e-01	-4.01510e+00
-1.25000e+00	-7.50000e-01	2.40188e+00
-1.25000e+00	-6.25000e-01	-2.16144e+00
-1.25000e+00	-5.00000e-01	2.15537e+00
-1.25000e+00	-3.75000e-01	-6.35333e-02
-1.25000e+00	-2.50000e-01	1.80033e+00
-1.25000e+00	-1.25000e-01	1.69106e+00
-1.25000e+00	0.00000e+00	1.67847e+00
-1.25000e+00	1.25000e-01	3.25791e+00
-1.25000e+00	2.50000e-01	1.80565e+00
-1.25000e+00	3.75000e-01	4.65991e+00
-1.25000e+00	5.00000e-01	2.17792e+00
-1.25000e+00	6.25000e-01	5.66037e+00
-1.25000e+00	7.50000e-01	2.43395e+00
-1.25000e+00	8.75000e-01	5.41236e+00
-1.25000e+00	1.00000e+00	2.51078e+00
-1.25000e+00	1.12500e+00	4.45736e+00
-1.25000e+00	1.25000e+00	2.47480e+00
-1.25000e+00	1.37500e+00	3.26647e+00
-1.25000e+00	1.50000e+00	2.39176e+00
-1.25000e+00	1.62500e+00	2.21283e+00
-1.25000e+00	1.75000e+00	2.50392e+00
-1.25000e+00	1.87500e+00	1.40469e+00
-1.12500e+00	-1.87500e+00	4.28887e+00
-1.12500e+00	-1.75000e+00	-1.13404e+00
-1.12500e+00	-1.62500e+00	5.38701e+00
-1.12500e+00	-1.50000e+00	-2.24290e+00
-1.12500e+00	-1.37500e+00	5.87313e+00
-1.12500e+00	-1.25000e+00	-3.43451e+00
-1.12500e+00	-1.12500e+00	5.85400e+00
-1.12500e+00	-1.00000e+00	-4.62586e+00
-1.12500e+00	-8.75000e-01	5.05103e+00
-1.12500e+00	-7.50000e-01	-5.53462e+00
-1.12500e+00	-6.25000e-01	3.08635e+00
-1.12500e+00	-5.00000e-01	-5.67056e+00
-1.12500e+00	-3.75000e-01	1.58318e-02
-1.12500e+00	-2.50000e-01	-4.40981e+00
-1.12500e+00	-1.25000e-01	-2.12272e+00
-1.12500e+00	0.00000e+00	-3.50577e+00
-1.12500e+00	1.25000e-01	-3.96262e+00
-1.12500e+00	2.50000e-01	-2.95982e+00
-1.12500e+00	3.75000e-01	-6.70680e+00
-1.12500e+00	5.00000e-01	-1.52619e+00
-1.12500e+00	6.25000e-01	-1.05868e+01
-1.12500e+00	7.50000e-01	1.79000e+00
-1.12500e+00	8.75000e-01	-1.25653e+01
-1.12500e+00	1.00000e+00	4.53114e+00
-1.12500e+00	1.12500e+00	-1.29783e+01
-1.12500e+00	1.25000e+00	6.21021e+00
-1.12500e+00	1.37500e+00	-1.24995e+01
-1.12500e+00	1.50000e+00	7.05139e+00
-1.12500e+00	1.62500e+00	-1.16171e+01
-1.12500e+00	1.75000e+00	7.31408e+00
-1.12500e+00	1.87500e+00	-1.06972e+01
-1.00000e+00	-1.87500e+00	-6.18714e+00
-1.00000e+00	-1.75000e+00	2.65941e+00
-1.00000e+00	-1.62500e+00	-6.51173e+00
-1.00000e+00	-1.50000e+00	2.35142e+00
-1.00000e+00	-1.37500e+00	-6.26169e+00
-1.00000e+00	-1.25000e+00	2.20195e+00
-1.00000e+00	-1.12500e+00	-5.47557e+00
-1.00000e+00	-1.00000e+00	1.90732e+00
-1.00000e+00	-8.75000e-01	-4.21064e+00
-1.00000e+00	-7.50000e-01	1.31365e+00
-1.00000e+00	-6.25000e-01	-2.52892e+00
-1.00000e+00	-5.00000e-01	6.92166e-01
-1.00000e+00	-3.75000e-01	-5.76858e-01
-1.00000e+00	-2.50000e-01	3.02285e-01
-1.00000e+00	-1.25000e-01	1.92137e-01
-1.00000e+00	0.00000e+00	2.71509e-01
-1.00000e+00	1.25000e-01	5.25941e-01
-1.00000e+00	2.50000e-01	2.78435e-01
-1.00000e+00	3.75000e-01	1.04907e+00
-1.00000e+00	5.00000e-01	6.58593e-01
-1.00000e+00	6.25000e-01	2.57756e+00
-1.00000e+00	7.50000e-01	1.33305e+00
-1.00000e+00	8.75000e-01	2.76342e+00
-1.00000e+00	1.00000e+00	1.94387e+00
-1.00000e+00	1.12500e+00	2.07026e+00
-1.00000e+00	1.25000e+00	2.22742e+00
-1.00000e+00	1.37500e+00	8.56603e-01
-1.00000e+00	1.50000e+00	2.36666e+00
-1.00000e+00	1.62500e+00	-2.79031e-01
-1.00000e+00	1.75000e+00	2.66915e+00
-1.00000e+00	1.87500e+00	-1.12106e+00
-8.75000e-01	-1.87500e+00	4.45900e-01
-8.75000e-01	-1.75000e+00	1.03562e+00
-8.75000e-01	-1.62500e+00	2.09733e+00
-8.75000e-01	-1.50000e+00	-1.12402e-01
-8.75000e-01	-1.37500e+00	3.18897e+00
-8.75000e-01	-1.25000e+00	-1.40740e+00
-8.75000e-01	-1.12500e+00	3.66849e+00
-8.75000e-01	-1.00000e+00	-2.69011e+00
-8.75000e-01	-8.75000e-01	3.04450e+00
-8.75000e-01	-7.50000e-01	-3.34345e+00
-8.75000e-01	-6.25000e-01	1.22866e+00
-8.75000e-01	-5.00000e-01	-2.17765e+00
-8.75000e-01	-3.75000e-01	-2.72492e-01
-8.75000e-01	-2.50000e-01	-3.21195e-01
-8.75000e-01	-1.25000e-01	-1.64840e-01
-8.75000e-01	0.00000e+00	-7.54178e-02
-8.75000e-01	1.25000e-01	-1.58386e-01
-8.75000e-01	2.50000e-01	-3.23913e-01
-8.75000e-01	3.75000e-01	-9.57236e-01
-8.75000e-01	5.00000e-01	-1.18653e+00
-8.75000e-01	6.25000e-01	-5.76843e+00
-8.75000e-01	7.50000e-01	9.09279e-01
-8.75000e-01	8.75000e-01	-9.43828e+00
-8.75000e-01	1.00000e+00	4.03914e+00
-8.75000e-01	1.12500e+00	-1.01888e+01
-8.75000e-01	1.25000e+00	5.63745e+00
-8.75000e-01	1.37500e+00	-9.34710e+00
-8.75000e-01	1.50000e+00	6.02101e+00
-8.75000e-01	1.62500e+00	-8.01301e+00
-8.75000e-01	1.75000e+00	5.75116e+00
-8.75000e-01	1.87500e+00	-6.72715e+00
-7.50000e-01	-1.87500e+00	-4.52676e+00
-7.50000e-01	-1.75000e+00	2.52915e+00
-7.50000e-01	-1.62500e+00	-5.28100e+00
-7.50000e-01	-1.50000e+00	2.17381e+00
-7.50000e-01	-1.37500e+00	-5.47867e+00
-7.50000e-01	-1.25000e+00	1.88035e+00
-7.50000e-01	-1.12500e+00	-5.06198e+00
-7.50000e-01	-1.00000e+00	1.22291e+00
-7.50000e-01	-8.75000e-01	-3.80777e+00
-7.50000e-01	-7.50000e-01	2.64584e-01
-7.50000e-01	-6.25000e-01	-1.39202e+00
-7.50000e-01	-5.00000e-01	7.83120e-02
-7.50000e-01	-3.75000e-01	-1.80272e-02
-7.50000e-01	-2.50000e-01	-3.57616e-03
-7.50000e-01	-1.25000e-01	-9.29061e-03
-7.50000e-01	0.00000e+00	-1.19585e-02
-7.50000e-01	1.25000e-01	-9.52905e-03
-7.50000e-01	2.50000e-01	-5.60324e-03
-7.50000e-01	3.75000e-01	1.30460e-03
-7.50000e-01	5.00000e-01	5.63439e-02
-7.50000e-01	6.25000e-01	-1.40641e-01
-7.50000e-01	7.50000e-01	2.02059e-01
-7.50000e-01	8.75000e-01	-2.80179e-01
-7.50000e-01	1.00000e+00	1.25371e+00
-7.50000e-01	1.12500e+00	-3.66260e-01
-7.50000e-01	1.25000e+00	1.91535e+00
-7.50000e-01	1.37500e+00	-1.30812e+00
-7.50000e-01	1.50000e+00	2.19443e+00
-7.50000e-01	1.62500e+00	-2.26178e+00
-7.50000e-01	1.75000e+00	2.54148e+00
-7.50000e-01	1.87500e+00	-2.89180e+00
-6.25000e-01	-1.87500e+00	-2.56673e+00
-6.25000e-01	-1.75000e+00	2.64160e+00
-6.25000e-01	-1.62500e+00	-8.12784e-01
-6.25000e-01	-1.50000e+00	1.64220e+00
-6.25000e-01	-1.37500e+00	4.99601e-01
-6.25000e-01	-1.25000e+00	3.91284e-01
-6.25000e-01	-1.12500e+00	1.18005e+00
-6.25000e-01	-1.00000e+00	-9.25691e-01
-6.25000e-01	-8.75000e-01	6.56925e-01
-6.25000e-01	-7.50000e-01	-9.89810e-01
-6.25000e-01	-6.25000e-01	1.16613e-01
-6.25000e-01	-5.00000e-01	2.17075e-03
-6.25000e-01	-3.75000e-01	-1.28716e-02
-6.25000e-01	-2.50000e-01	-1.97275e-02
-6.25000e-01	-1.25000e-01	-2.23050e-02
-6.25000e-01	0.00000e+00	-2.32034e-02
-6.25000e-01	1.25000e-01	-2.26288e-02
-6.25000e-01	2.50000e-01	-2.06099e-02
-6.25000e-01	3.75000e-01	-1.50830e-02
-6.25000e-01	5.00000e-01	8.40444e-04
-6.25000e-01	6.25000e-01	-9.38861e-02
-6.25000e-01	7.50000e-01	4.14722e-03
-6.25000e-01	8.75000e-01	-5.10057e+00
-6.25000e-01	1.00000e+00	2.97803e+00
-6.25000e-01	1.12500e+00	-6.80655e+00
-6.25000e-01	1.25000e+00	4.46883e+00
-6.25000e-01	1.37500e+00	-5.85625e+00
-6.25000e-01	1.50000e+00	4.50798e+00
-6.25000e-01	1.62500e+00	-4.32763e+00
-6.25000e-01	1.75000e+00	3.87481e+00
-6.25000e-01	1.87500e+00	-2.93895e+00
-5.00000e-01	-1.87500e+00	-2.69001e+00
-5.00000e-01	-1.75000e+00	2.16839e+00
-5.00000e-01	-1.62500e+00	-3.69387e+00
-5.00000e-01	-1.50000e+00	1.89337e+00
-5.00000e-01	-1.37500e+00	-4.25540e+00
-5.00000e-01	-1.25000e+00	1.55422e+00
-5.00000e-01	-1.12500e+00	-4.15772e+00
-5.00000e-01	-1.00000e+00	7.14195e-01
-5.00000e-01	-8.75000e-01	-2.45873e+00
-5.00000e-01	-7.50000e-01	4.50364e-02
-5.00000e-01	-6.25000e-01	1.01358e-02
-5.00000e-01	-5.00000e-01	-2.20312e-03
-5.00000e-01	-3.75000e-01	-7.56196e-03
-5.00000e-01	-2.50000e-01	-8.65091e-03
-5.00000e-01	-1.25000e-01	-8.12342e-03
-5.00000e-01	0.00000e+00	-7.85747e-03
-5.00000e-01	1.25000e-01	-8.25930e-03
-5.00000e-01	2.50000e-01	-8.78008e-03
-5.00000e-01	3.75000e-01	-7.26891e-03
-5.00000e-01	5.00000e-01	-3.42788e-03
-5.00000e-01	6.25000e-01	7.43963e-03
-5.00000e-01	7.50000e-01	2.34131e-02
-5.00000e-01	8.75000e-01	-1.48023e+00
-5.00000e-01	1.00000e+00	7.34084e-01
-5.00000e-01	1.12500e+00	-2.29500e+00
-5.00000e-01	1.25000e+00	1.59351e+00
-5.00000e-01	1.37500e+00	-3.00786e+00
-5.00000e-01	1.50000e+00	1.91604e+00
-5.00000e-01	1.62500e+00	-3.62203e+00
-5.00000e-01	1.75000e+00	2.18086e+00
-5.00000e-01	1.87500e+00	-3.95428e+00
-3.75000e-01	-1.87500e+00	-4.83174e+00
-3.75000e-01	-1.75000e+00	3.65702e+00
-3.75000e-01	-1.62500e+00	-3.33729e+00
-3.75000e-01	-1.50000e+00	2.94358e+00
-3.75000e-01	-1.37500e+00	-2.15124e+00
-3.75000e-01	-1.25000e+00	1.89695e+00
-3.75000e-01	-1.12500e+00	-1.32619e+00
-3.75000e-01	-1.00000e+00	4.99080e-01
-3.75000e-01	-8.75000e-01	-8.23972e-01
-3.75000e-01	-7.50000e-01	9.39026e-03
-3.75000e-01	-6.25000e-01	1.52238e-02
-3.75000e-01	-5.00000e-01	1.36684e-02
-3.75000e-01	-3.75000e-01	1.93077e-02
-3.75000e-01	-2.50000e-01	2.51955e-02
-3.75000e-01	-1.25000e-01	3.00229e-02
-3.75000e-01	0.00000e+00	3.17478e-02
-3.75000e-01	1.25000e-01	3.00518e-02
-3.75000e-01	2.50000e-01	2.55228e-02
-3.75000e-01	3.75000e-01	2.03402e-02
-3.75000e-01	5.00000e-01	1.36605e-02
-3.75000e-01	6.25000e-01	1.11264e-02
-3.75000e-01	7.50000e-01	7.12047e-02
-3.75000e-01	8.75000e-01	-2.10905e+00
-3.75000e-01	1.00000e+00	1.65586e+00
-3.75000e-01	1.12500e+00	-3.16051e+00
-3.75000e-01	1.25000e+00	2.62571e+00
-3.75000e-01	1.37500e+00	-2.09063e+00
-3.75000e-01	1.50000e+00	2.42176e+00
-3.75000e-01	1.62500e+00	-6.76743e-01
-3.75000e-01	1.75000e+00	1.68125e+00
-3.75000e-01	1.87500e+00	5.80188e-01
-2.50000e-01	-1.87500e+00	-6.94829e-01
-2.50000e-01	-1.75000e+00	1.60160e+00
-2.50000e-01	-1.62500e+00	-1.67986e+00
-2.50000e-01	-1.50000e+00	1.51502e+00
-2.50000e-01	-1.37500e+00	-2.40997e+00
-2.50000e-01	-1.25000e+00	1.32258e+00
-2.50000e-01	-1.12500e+00	-2.69624e+00
-2.50000e-01	-1.00000e+00	6.19474e-01
-2.50000e-01	-8.75000e-01	-1.49464e+00
-2.50000e-01	-7.50000e-01	2.96026e-02
-2.50000e-01	-6.25000e-01	2.54579e-02
-2.50000e-01	-5.00000e-01	4.09192e-02
-2.50000e-01	-3.75000e-01	5.81402e-02
-2.50000e-01	-2.50000e-01	7.22522e-02
-2.50000e-01	-1.25000e-01	8.22484e-02
-2.50000e-01	0.00000e+00	8.57867e-02
-2.50000e-01	1.25000e-01	8.24564e-02
-2.50000e-01	2.50000e-01	7.29179e-02
-2.50000e-01	3.75000e-01	5.97505e-02
-2.50000e-01	5.00000e-01	4.19088e-02
-2.50000e-01	6.25000e-01	2.51932e-02
-2.50000e-01	7.50000e-01	5.29530e-02
-2.50000e-01	8.75000e-01	-1.34678e+00
-2.50000e-01	1.00000e+00	6.50171e-01
-2.50000e-01	1.12500e+00	-2.88352e+00
-2.50000e-01	1.25000e+00	1.35911e+00
-2.50000e-01	1.37500e+00	-3.61330e+00
-2.50000e-01	1.50000e+00	1.53417e+00
-2.50000e-01	1.62500e+00	-4.00703e+00
-2.50000e-01	1.75000e+00	1.61136e+00
-2.50000e-01	1.87500e+00	-4.20203e+00
-1.25000e-01	-1.87500e+00	-6.12261e+00
-1.25000e-01	-1.75000e+00	3.86904e+00
-1.25000e-01	-1.62500e+00	-4.99702e+00
-1.25000e-01	-1.50000e+00	3.41958e+00
-1.25000e-01	-1.37500e+00	-4.04508e+00
-1.25000e-01	-1.25000e+00	2.68396e+00
-1.25000e-01	-1.12500e+00	-2.96184e+00
-1.25000e-01	-1.00000e+00	1.29688e+00
-1.25000e-01	-8.75000e-01	-1.49230e+00
-1.25000e-01	-7.50000e-01	6.00388e-02
-1.25000e-01	-6.25000e-01	3.76755e-02
-1.25000e-01	-5.00000e-01	6.44512e-02
-1.25000e-01	-3.75000e-01	9.03596e-02
-1.25000e-01	-2.50000e-01	1.10644e-01
-1.25000e-01	-1.25000e-01	1.24580e-01
-1.25000e-01	0.00000e+00	1.29503e-01
-1.25000e-01	1.25000e-01	1.24866e-01
-1.25000e-01	2.50000e-01	1.11428e-01
-1.25000e-01	3.75000e-01	9.17094e-02
-1.25000e-01	5.00000e-01	6.54852e-02
-1.25000e-01	6.25000e-01	3.78623e-02
-1.25000e-01	7.50000e-01	8.61296e-02
-1.25000e-01	8.75000e-01	-1.57566e+00
-1.25000e-01	1.00000e+00	9.50361e-01
-1.25000e-01	1.12500e+00	-6.52083e-01
-1.25000e-01	1.25000e+00	8.77560e-01
-1.25000e-01	1.37500e+00	9.60906e-01
-1.25000e-01	1.50000e+00	2.47475e-01
-1.25000e-01	1.62500e+00	2.26741e+00
-1.25000e-01	1.75000e+00	-4.98454e-01
-1.25000e-01	1.87500e+00	3.42765e+00
0.00000e+00	-1.87500e+00	1.23569e+00
0.00000e+00	-1.75000e+00	1.26440e+00
0.00000e+00	-1.62500e+00	6.55477e-01
0.00000e+00	-1.50000e+00	1.30174e+00
0.00000e+00	-1.37500e+00	-2.30003e-01
0.00000e+00	-1.25000e+00	1.33505e+00
0.00000e+00	-1.12500e+00	-1.31191e+00
0.00000e+00	-1.00000e+00	1.15148e+00
0.00000e+00	-8.75000e-01	-1.95819e+00
0.00000e+00	-7.50000e-01	8.56443e-02
0.00000e+00	-6.25000e-01	3.75730e-02
0.00000e+00	-5.00000e-01	6.55086e-02
0.00000e+00	-3.75000e-01	9.30800e-02
0.00000e+00	-2.50000e-01	1.14041e-01
0.00000e+00	-1.25000e-01	1.28111e-01
0.00000e+00	0.00000e+00	1.32847e-01
0.00000e+00	1.25000e-01	1.28258e-01
0.00000e+00	2.50000e-01	1.14649e-01
0.00000e+00	3.75000e-01	9.37162e-02
0.00000e+00	5.00000e-01	6.49261e-02
0.00000e+00	6.25000e-01	3.98392e-02
0.00000e+00	7.50000e-01	1.30081e-01
0.00000e+00	8.75000e-01	-2.18115e+00
0.00000e+00	1.00000e+00	1.19669e+00
0.00000e+00	1.12500e+00	-2.95315e+00
0.00000e+00	1.25000e+00	1.36111e+00
0.00000e+00	1.37500e+00	-3.06729e+00
0.00000e+00	1.50000e+00	1.31485e+00
0.00000e+00	1.62500e+00	-2.90659e+00
0.00000e+00	1.75000e+00	1.27115e+00
0.00000e+00	1.87500e+00	-2.98186e+00
1.25000e-01	-1.87500e+00	-4.86134e+00
1.25000e-01	-1.75000e+00	2.86230e+00
1.25000e-01	-1.62500e+00	-4.71969e+00
1.25000e-01	-1.50000e+00	2.91814e+00
1.25000e-01	-1.37500e+00	-4.84060e+00
1.25000e-01	-1.25000e+00	2.89492e+00
1.25000e-01	-1.12500e+00	-4.29227e+00
1.25000e-01	-1.00000e+00	2.64579e+00
1.25000e-01	-8.75000e-01	-3.43974e+00
1.25000e-01	-7.50000e-01	2.44272e-01
1.25000e-01	-6.25000e-01	1.09811e-02
1.25000e-01	-5.00000e-01	3.67796e-02
1.25000e-01	-3.75000e-01	5.57790e-02
1.25000e-01	-2.50000e-01	6.90209e-02
1.25000e-01	-1.25000e-01	7.74349e-02
1.25000e-01	0.00000e+00	8.02316e-02
1.25000e-01	1.25000e-01	7.73159e-02
1.25000e-01	2.50000e-01	6.90159e-02
1.25000e-01	3.75000e-01	5.51841e-02
1.25000e-01	5.00000e-01	3.57208e-02
1.25000e-01	6.25000e-01	5.42129e-03
1.25000e-01	7.50000e-01	8.67411e-02
1.25000e-01	8.75000e-01	-7.57787e-01
1.25000e-01	1.00000e+00	6.64342e-02
1.25000e-01	1.12500e+00	1.32774e+00
1.25000e-01	1.25000e+00	-5.96565e-01
1.25000e-01	1.37500e+00	2.91888e+00
1.25000e-01	1.50000e+00	-1.43165e+00
1.25000e-01	1.62500e+00	3.58139e+00
1.25000e-01	1.75000e+00	-1.69113e+00
1.25000e-01	1.87500e+00	0.00000e+00
2.50000e-01	-1.87500e+00	0.00000e+00
2.50000e-01	-1.75000e+00	0.00000e+00
2.50000e-01	-1.62500e+00	0.00000e+00
2.50000e-01	-1.50000e+00	0.00000e+00
2.50000e-01	-1.37500e+00	2.59625e+00
2.50000e-01	-1.25000e+00	2.50074e+00
2.50000e-01	-1.12500e+00	9.33509e-01
2.50000e-01	-1.00000e+00	2.42820e+00
2.50000e-01	-8.75000e-01	-1.80936e+00
2.50000e-01	-7.50000e-01	1.04549e-01
2.50000e-01	-6.25000e-01	1.43086e-01
2.50000e-01	-5.00000e-01	-5.83396e-03
2.50000e-01	-3.75000e-01	-9.67012e-03
2.50000e-01	-2.50000e-01	-1.21592e-02
2.50000e-01	-1.25000e-01	-1.30514e-02
2.50000e-01	0.00000e+00	-1.37477e-02
2.50000e-01	1.25000e-01	-1.33287e-02
2.50000e-01	2.50000e-01	-1.24691e-02
2.50000e-01	3.75000e-01	-1.14334e-02
2.50000e-01	5.00000e-01	-4.38591e-03
2.50000e-01	6.25000e-01	2.52502e-01
2.50000e-01	7.50000e-01	4.78089e-02
2.50000e-01	8.75000e-01	-3.63370e+00
2.50000e-01	1.00000e+00	2.43109e+00
2.50000e-01	1.12500e+00	-1.29896e+00
2.50000e-01	1.25000e+00	2.48974e+00
2.50000e-01	1.37500e+00	7.06851e-01
2.50000e-01	1.50000e+00	0.00000e+00
2.50000e-01	1.62500e+00	0.00000e+00
2.50000e-01	1.75000e+00	0.00000e+00
2.50000e-01	1.87500e+00	0.00000e+00
3.75000e-01	-1.87500e+00	0.00000e+00
3.75000e-01	-1.75000e+00	0.00000e+00
3.75000e-01	-1.62500e+00	0.00000e+00
3.75000e-01	-1.50000e+00	0.00000e+00
3.75000e-01	-1.37500e+00	0.00000e+00
3.75000e-01	-1.25000e+00	0.00000e+00
3.75000e-01	-1.12500e+00	-3.00427e+00
3.75000e-01	-1.00000e+00	3.51582e+00
3.75000e-01	-8.75000e-01	-6.00100e+00
3.75000e-01	-7.50000e-01	1.72816e-01
3.75000e-01	-6.25000e-01	-6.34151e-01
3.75000e-01	-5.00000e-01	-4.29596e-02
3.75000e-01	-3.75000e-01	-7.39119e-02
3.75000e-01	-2.50000e-01	-9.21828e-02
3.75000e-01	-1.25000e-01	-1.03434e-01
3.75000e-01	0.00000e+00	-1.07686e-01
3.75000e-01	1.25000e-01	-1.03912e-01
3.75000e-01	2.50000e-01	-9.26262e-02
3.75000e-01	3.75000e-01	-7.49928e-02
3.75000e-01	5.00000e-01	-4.82037e-02
3.75000e-01	6.25000e-01	-9.04549e-02
3.75000e-01	7.50000e-01	-1.54271e+00
3.75000e-01	8.75000e-01	1.94004e+00
3.75000e-01	1.00000e+00	-2.61525e-01
3.75000e-01	1.12500e+00	0.00000e+00
3.75000e-01	1.25000e+00	0.00000e+00
3.75000e-01	1.37500e+00	0.00000e+00
3.75000e-01	1.50000e+00	0.00000e+00
3.75000e-01	1.62500e+00	0.00000e+00
3.75000e-01	1.75000e+00	0.00000e+00
3.75000e-01	1.87500e+00	0.00000e+00
5.00000e-01	-1.87500e+00	0.00000e+00
5.00000e-01	-1.75000e+00	0.00000e+00
5.00000e-01	-1.62500e+00	0.00000e+00
5.00000e-01	-1.50000e+00	0.00000e+00
5.00000e-01	-1.37500e+00	0.00000e+00
5.00000e-01	-1.25000e+00	0.00000e+00
5.00000e-01	-1.12500e+00	0.00000e+00
5.00000e-01	-1.00000e+00	0.00000e+00
5.00000e-01	-8.75000e-01	1.44240e+00
5.00000e-01	-7.50000e-01	4.14683e+00
5.00000e-01	-6.25000e-01	-3.91225e+00
5.00000e-01	-5.00000e-01	-5.58394e-02
5.00000e-01	-3.75000e-01	-9.53920e-02
5.00000e-01	-2.50000e-01	-1.25987e-01
5.00000e-01	-1.25000e-01	-1.41328e-01
5.00000e-01	0.00000e+00	-1.46719e-01
5.00000e-01	1.25000e-01	-1.41398e-01
5.00000e-01	2.50000e-01	-1.26185e-01
5.00000e-01	3.75000e-01	-9.32867e-02
5.00000e-01	5.00000e-01	-5.05688e-02
5.00000e-01	6.25000e-01	-6.59911e+00
5.00000e-01	7.50000e-01	4.05775e+00
5.00000e-01	8.75000e-01	-1.64271e+00
5.00000e-01	1.00000e+00	0.00000e+00
5.00000e-01	1.12500e+00	0.00000e+00
5.00000e-01	1.25000e+00	0.00000e+00
5.00000e-01	1.37500e+00	0.00000e+00
5.00000e-01	1.50000e+00	0.00000e+00
5.00000e-01	1.62500e+00	0.00000e+00
5.00000e-01	1.75000e+00	0.00000e+00
5.00000e-01	1.87500e+00	0.00000e+00
6.25000e-01	-1.87500e+00	0.00000e+00
6.25000e-01	-1.75000e+00	0.00000e+00
6.25000e-01	-1.62500e+00	0.00000e+00
6.25000e-01	-1.50000e+00	0.00000e+00
6.25000e-01	-1.37500e+00	0.00000e+00
6.25000e-01	-1.25000e+00	0.00000e+00
6.25000e-01	-1.12500e+00	0.00000e+00
6.25000e-01	-1.00000e+00	0.00000e+00
6.25000e-01	-8.75000e-01	-3.80816e+00
6.25000e-01	-7.50000e-01	7.31049e+00
6.25000e-01	-6.25000e-01	-1.36422e+01
6.25000e-01	-5.00000e-01	-1.02236e+00
6.25000e-01	-3.75000e-01	1.33643e-01
6.25000e-01	-2.50000e-01	-9.37484e-02
6.25000e-01	-1.25000e-01	-1.11453e-01
6.25000e-01	0.00000e+00	-1.17168e-01
6.25000e-01	1.25000e-01	-1.10682e-01
6.25000e-01	2.50000e-01	-9.23353e-02
6.25000e-01	3.75000e-01	3.83055e-01
6.25000e-01	5.00000e-01	-3.99489e+00
6.25000e-01	6.25000e-01	4.87800e+00
6.25000e-01	7.50000e-01	-6.45594e-01
6.25000e-01	8.75000e-01	0.00000e+00
6.25000e-01	1.00000e+00	0.00000e+00
6.25000e-01	1.12500e+00	0.00000e+00
6.25000e-01	1.25000e+00	0.00000e+00
6.25000e-01	1.37500e+00	0.00000e+00
6.25000e-01	1.50000e+00	0.00000e+00
6.25000e-01	1.62500e+00	0.00000e+00
6.25000e-01	1.75000e+00	0.00000e+00
6.25000e-01	1.87500e+00	0.00000e+00
7.50000e-01	-1.87500e+00	0.00000e+00
7.50000e-01	-1.75000e+00	0.00000e+00
7.50000e-01	-1.62500e+00	0.00000e+00
7.50000e-01	-1.50000e+00	0.00000e+00
7.50000e-01	-1.37500e+00	0.00000e+00
7.50000e-01	-1.25000e+00	0.00000e+00
7.50000e-01	-1.12500e+00	0.00000e+00
7.50000e-01	-1.00000e+00	0.00000e+00
7.50000e-01	-8.75000e-01	0.00000e+00
7.50000e-01	-7.50000e-01	0.00000e+00
7.50000e-01	-6.25000e-01	4.52169e+00
7.50000e-01	-5.00000e-01	1.90077e+00
7.50000e-01	-3.75000e-01	1.20671e-01
7.50000e-01	-2.50000e-01	6.48368e-01
7.50000e-01	-1.25000e-01	1.64842e-01
7.50000e-01	0.00000e+00	7.98692e-02
7.50000e-01	1.25000e-01	4.21760e-01
7.50000e-01	2.50000e-01	7.66141e-01
7.50000e-01	3.75000e-01	-2.44379e+00
7.50000e-01	5.00000e-01	2.10950e+00
7.50000e-01	6.25000e-01	-3.11538e+00
7.50000e-01	7.50000e-01	0.00000e+00
7.50000e-01	8.75000e-01	0.00000e+00
7.50000e-01	1.00000e+00	0.00000e+00
7.50000e-01	1.12500e+00	0.00000e+00
7.50000e-01	1.25000e+00	0.00000e+00
7.50000e-01	1.37500e+00	0.00000e+00
7.50000e-01	1.50000e+00	0.00000e+00
7.50000e-01	1.62500e+00	0.00000e+00
7.50000e-01	1.75000e+00	0.00000e+00
7.50000e-01	1.87500e+00	0.00000e+00
8.75000e-01	-1.87500e+00	0.00000e+00
8.75000e-01	-1.75000e+00	0.00000e+00
8.75000e-01	-1.62500e+00	0.00000e+00
8.75000e-01	-1.50000e+00	0.00000e+00
8.75000e-01	-1.37500e+00	0.00000e+00
8.75000e-01	-1.25000e+00	0.00000e+00
8.75000e-01	-1.12500e+00	0.00000e+00
8.75000e-01	-1.00000e+00	0.00000e+00
8.75000e-01	-8.75000e-01	0.00000e+00
8.75000e-01	-7.50000e-01	0.00000e+00
8.75000e-01	-6.25000e-01	-7.79193e+00
8.75000e-01	-5.00000e-01	1.16371e+00
8.75000e-01	-3.75000e-01	-1.26128e+01
8.75000e-01	-2.50000e-01	-6.50003e+00
8.75000e-01	-1.25000e-01	-7.38156e+00
8.75000e-01	0.00000e+00	-5.82619e+00
8.75000e-01	1.25000e-01	-4.50873e+00
8.75000e-01	2.50000e-01	-8.92304e+00
8.75000e-01	3.75000e-01	3.03212e+00
8.75000e-01	5.00000e-01	-4.37015e+00
8.75000e-01	6.25000e-01	0.00000e+00
8.75000e-01	7.50000e-01	0.00000e+00
8.75000e-01	8.75000e-01	0.00000e+00
8.75000e-01	1.00000e+00	0.00000e+00
8.75000e-01	1.12500e+00	0.00000e+00
8.75000e-01	1.25000e+00	0.00000e+00
8.75000e-01	1.37500e+00	0.00000e+00
8.75000e-01	1.50000e+00	0.00000e+00
8.75000e-01	1.62500e+00	0.00000e+00
8.75000e-01	1.75000e+00	0.00000e+00
8.75000e-01	1.87500e+00	0.00000e+00
1.00000e+00	-1.87500e+00	0.00000e+00
1.00000e+00	-1.75000e+00	0.00000e+00
1.00000e+00	-1.62500e+00	0.00000e+00
1.00000e+00	-1.50000e+00	0.00000e+00
1.00000e+00	-1.37500e+00	0.00000e+00
1.00000e+00	-1.25000e+00	0.00000e+00
1.00000e+00	-1.12500e+00	0.00000e+00
1.00000e+00	-1.00000e+00	0.00000e+00
1.00000e+00	-8.75000e-01	0.00000e+00
1.00000e+00	-7.50000e-01	0.00000e+00
1.00000e+00	-6.25000e-01	0.00000e+00
1.00000e+00	-5.00000e-01	0.00000e+00
1.00000e+00	-3.75000e-01	9.11771e+00
1.00000e+00	-2.50000e-01	7.14800e+00
1.00000e+00	-1.25000e-01	7.99034e+00
1.00000e+00	0.00000e+00	5.00667e+00
1.00000e+00	1.25000e-01	4.28778e+00
1.00000e+00	2.50000e-01	6.91895e+00
1.00000e+00	3.75000e-01	1.78423e+00
1.00000e+00	5.00000e-01	0.00000e+00
1.00000e+00	6.25000e-01	0.00000e+00
1.00000e+00	7.50000e-01	0.00000e+00
1.00000e+00	8.75000e-01	0.00000e+00
1.00000e+00	1.00000e+00	0.00000e+00
1.00000e+00	1.12500e+00	0.00000e+00
1.00000e+00	1.25000e+00	0.00000e+00
1.00000e+00	1.37500e+00	0.00000e+00
1.00000e+00	1.50000e+00	0.00000e+00
1.00000e+00	1.62500e+00	0.00000e+00
1.00000e+00	1.75000e+00	0.00000e+00
1.00000e+00	1.87500e+00	0.00000e+00
1.12500e+00	-1.87500e+00	0.00000e+00
1.12500e+00	-1.75000e+00	0.00000e+00
1.12500e+00	-1.62500e+00	0.00000e+00
1.12500e+00	-1.50000e+00	0.00000e+00
1.12500e+00	-1.37500e+00	0.00000e+00
1.12500e+00	-1.25000e+00	0.00000e+00
1.12500e+00	-1.12500e+00	0.00000e+00
1.12500e+00	-1.00000e+00	0.00000e+00
1.12500e+00	-8.75000e-01	0.00000e+00
1.12500e+00	-7.50000e-01	0.00000e+00
1.12500e+00	-6.25000e-01	0.00000e+00
1.12500e+00	-5.00000e-01	0.00000e+00
1.12500e+00	-3.75000e-01	-1.45850e+00
1.12500e+00	-2.50000e-01	4.26648e-01
1.12500e+00	-1.25000e-01	-3.81404e+00
1.12500e+00	0.00000e+00	-2.92199e+00
1.12500e+00	1.25000e-01	1.23493e+00
1.12500e+00	2.50000e-01	-9.16762e-01
1.12500e+00	3.75000e-01	0.00000e+00
1.12500e+00	5.00000e-01	0.00000e+00
1.12500e+00	6.25000e-01	0.00000e+00
1.12500e+00	7.50000e-01	0.00000e+00
1.12500e+00	8.75000e-01	0.00000e+00
1.12500e+00	1.00000e+00	0.00000e+00
1.12500e+00	1.12500e+00	0.00000e+00
1.12500e+00	1.25000e+00	0.00000e+00
1.12500e+00	1.37500e+00	0.00000e+00
1.12500e+00	1.50000e+00	0.00000e+00
1.12500e+00	1.62500e+00	0.00000e+00
1.12500e+00	1.75000e+00	0.00000e+00
1.12500e+00	1.87500e+00	0.00000e+00
1.25000e+00	-1.87500e+00	0.00000e+00
1.25000e+00	-1.75000e+00	0.00000e+00
1.25000e+00	-1.62500e+00	0.00000e+00
1.25000e+00	-1.50000e+00	0.00000e+00
1.25000e+00	-1.37500e+00	0.00000e+00
1.25000e+00	-1.25000e+00	0.00000e+00
1.25000e+00	-1.12500e+00	0.00000e+00
1.25000e+00	-1.00000e+00	0.00000e+00
1.25000e+00	-8.75000e-01	0.00000e+00
1.25000e+00	-7.50000e-01	0.00000e+00
1.25000e+00	-6.25000e-01	0.00000e+00
1.25000e+00	-5.00000e-01	0.00000e+00
1.25000e+00	-3.75000e-01	0.00000e+00
1.25000e+00	-2.50000e-01	0.00000e+00
1.25000e+00	-1.25000e-01	0.00000e+00
1.25000e+00	0.00000e+00	0.00000e+00
1.25000e+00	1.25000e-01	0.00000e+00
1.25000e+00	2.50000e-01	0.00000e+00
1.25000e+00	3.75000e-01	0.00000e+00
1.25000e+00	5.00000e-01	0.00000e+00
1.25000e+00	6.25000e-01	0.00000e+00
1.25000e+00	7.50000e-01	0.00000e+00
1.25000e+00	8.75000e-01	0.00000e+00
1.25000e+00	1.00000e+00	0.00000e+00
1.25000e+00	1.12500e+00	0.00000e+00
1.25000e+00	1.25000e+00	0.00000e+00
1.25000e+00	1.37500e+00	0.00000e+00
1.25000e+00	1.50000e+00	0.00000e+00
1.25000e+00	1.62500e+00	0.00000e+00
1.25000e+00	1.75000e+00	0.00000e+00
1.25000e+00	1.87500e+00	0.00000e+00
1.37500e+00	-1.87500e+00	0.00000e+00
1.37500e+00	-1.75000e+00	0.00000e+00
1.37500e+00	-1.62500e+00	0.00000e+00
1.37500e+00	-1.50000e+00	0.00000e+00
1.37500e+00	-1.37500e+00	0.00000e+00
1.37500e+00	-1.25000e+00	0.00000e+00
1.37500e+00	-1.12500e+00	0.00000e+00
1.37500e+00	-1.00000e+00	0.00000e+00
1.37500e+00	-8.75000e-01	0.00000e+00
1.37500e+00	-7.50000e-01	0.00000e+00
1.37500e+00	-6.25000e-01	0.00000e+00
1.37500e+00	-5.00000e-01	0.00000e+00
1.37500e+00	-3.75000e-01	0.00000e+00
1.37500e+00	-2.50000e-01	0.00000e+00
1.37500e+00	-1.25000e-01	0.00000e+00
1.37500e+00	0.00000e+00	0.00000e+00
1.37500e+00	1.25000e-01	0.00000e+00
1.37500e+00	2.50000e-01	0.00000e+00
1.37500e+00	3.75000e-01	0.00000e+00
1.37500e+00	5.00000e-01	0.00000e+00
1.37500e+00	6.25000e-01	0.00000e+00
1.37500e+00	7.50000e-01	0.00000e+00
1.37500e+00	8.75000e-01	0.00000e+00
1.37500e+00	1.00000e+00	0.00000e+00
1.37500e+00	1.12500e+00	0.00000e+00
1.37500e+00	1.25000e+00	0.00000e+00
1.37500e+00	1.37500e+00	0.00000e+00
1.37500e+00	1.50000e+00	0.00000e+00
1.37500e+00	1.62500e+00	0.00000e+00
1.37500e+00	1.75000e+00	0.00000e+00
1.37500e+00	1.87500e+00	0.00000e+00
1.50000e+00	-1.87500e+00	0.00000e+00
1.50000e+00	-1.75000e+00	0.00000e+00
1.50000e+00	-1.62500e+00	0.00000e+00
1.50000e+00	-1.50000e+00	0.00000e+00
1.50000e+00	-1.37500e+00	0.00000e+00
1.50000e+00	-1.25000e+00	0.00000e+00
1.50000e+00	-1.12500e+00	0.00000e+00
1.50000e+00	-1.00000e+00	0.00000e+00
1.50000e+00	-8.75000e-01	0.00000e+00
1.50000e+00	-7.50000e-01	0.00000e+00
1.50000e+00	-6.25000e-01	0.00000e+00
1.50000e+00	-5.00000e-01	0.00000e+00
1.50000e+00	-3.75000e-01	0.00000e+00
1.50000e+00	-2.50000e-01	0.00000e+00
1.50000e+00	-1.25000e-01	0.00000e+00
1.50000e+00	0.00000e+00	0.00000e+00
1.50000e+00	1.25000e-01	0.00000e+00
1.50000e+00	2.50000e-01	0.00000e+00
1.50000e+00	3.75000e-01	0.00000e+00
1.50000e+00	5.00000e-01	0.00000e+00
1.50000e+00	6.25000e-01	0.00000e+00
1.50000e+00	7.50000e-01	0.00000e+00
1.50000e+00	8.75000e-01	0.00000e+00
1.50000e+00	1.00000e+00	0.00000e+00
1.50000e+00	1.12500e+00	0.00000e+00
1.50000e+00	1.25000e+00	0.00000e+00
1.50000e+00	1.37500e+00	0.00000e+00
1.50000e+00	1.50000e+00	0.00000e+00
1.50000e+00	1.62500e+00	0.00000e+00
1.50000e+00	1.75000e+00	0.00000e+00
1.50000e+00	1.87500e+00	0.00000e+00
1.62500e+00	-1.87500e+00	0.00000e+00
1.62500e+00	-1.75000e+00	0.00000e+00
1.62500e+00	-1.62500e+00	0.00000e+00
1.62500e+00	-1.50000e+00	0.00000e+00
1.62500e+00	-1.37500e+00	0.00000e+00
1.62500e+00	-1.25000e+00	0.00000e+00
1.62500e+00	-1.12500e+00	0.00000e+00
1.62500e+00	-1.00000e+00	0.00000e+00
1.62500e+00	-8.75000e-01	0.00000e+00
1.62500e+00	-7.50000e-01	0.00000e+00
1.62500e+00	-6.25000e-01	0.00000e+00
1.62500e+00	-5.00000e-01	0.00000e+00
1.62500e+00	-3.75000e-01	0.00000e+00
1.62500e+00	-2.50000e-01	0.00000e+00
1.62500e+00	-1.25000e-01	0.00000e+00
1.62500e+00	0.00000e+00	0.00000e+00
1.62500e+00	1.25000e-01	0.00000e+00
1.62500e+00	2.50000e-01	0.00000e+00
1.62500e+00	3.75000e-01	0.00000e+00
1.62500e+00	5.00000e-01	0.00000e+00
1.62500e+00	6.25000e-01	0.00000e+00
1.62500e+00	7.50000e-01	0.00000e+00
1.62500e+00	8.75000e-01	0.00000e+00
1.62500e+00	1.00000e+00	0.00000e+00
1.62500e+00	1.12500e+00	0.00000e+00
1.62500e+00	1.25000e+00	0.00000e+00
1.62500e+00	1.37500e+00	0.00000e+00
1.62500e+00	1.50000e+00	0.00000e+00
1.62500e+00	1.62500e+00	0.00000e+00
1.62500e+00	1.75000e+00	0.00000e+00
1.62500e+00	1.87500e+00	0.00000e+00
1.75000e+00	-1.87500e+00	0.00000e+00
1.75000e+00	-1.75000e+00	0.00000e+00
1.75000e+00	-1.62500e+00	0.00000e+00
1.75000e+00	-1.50000e+00	0.00000e+00
1.75000e+00	-1.37500e+00	0.00000e+00
1.75000e+00	-1.25000e+00	0.00000e+00
1.75000e+00	-1.12500e+00	0.00000e+00
1.75000e+00	-1.00000e+00	0.00000e+00
1.75000e+00	-8.75000e-01	0.00000e+00
1.75000e+00	-7.50000e-01	0.00000e+00
1.75000e+00	-6.25000e-01	0.00000e+00
1.75000e+00	-5.00000e-01	0.00000e+00
1.75000e+00	-3.75000e-01	0.00000e+00
1.75000e+00	-2.50000e-01	0.00000e+00
1.75000e+00	-1.25000e-01	0.00000e+00
1.75000e+00	0.00000e+00	0.00000e+00
1.75000e+00	1.25000e-01	0.00000e+00
1.75000e+00	2.50000e-01	0.00000e+00
1.75000e+00	3.75000e-01	0.00000e+00
1.75000e+00	5.00000e-01	0.00000e+00
1.75000e+00	6.25000e-01	0.00000e+00
1.75000e+00	7.50000e-01	0.00000e+00
1.75000e+00	8.75000e-01	0.00000e+00
1.75000e+00	1.00000e+00	0.00000e+00
1.75000e+00	1.12500e+00	0.00000e+00
1.75000e+00	1.25000e+00	0.00000e+00
1.75000e+00	1.37500e+00	0.00000e+00
1.75000e+00	1.50000e+00	0.00000e+00
1.75000e+00	1.62500e+00	0.00000e+00
1.75000e+00	1.75000e+00	0.00000e+00
1.75000e+00	1.87500e+00	0.00000e+00
1.87500e+00	-1.87500e+00	0.00000e+00
1.87500e+00	-1.75000e+00	0.00000e+00
1.87500e+00	-1.62500e+00	0.00000e+00
1.87500e+00	-1.50000e+00	0.00000e+00
1.87500e+00	-1.37500e+00	0.00000e+00
1.87500e+00	-1.25000e+00	0.00000e+00
1.87500e+00	-1.12500e+00	0.00000e+00
1.87500e+00	-1.00000e+00	0.00000e+00
1.87500e+00	-8.75000e-01	0.00000e+00
1.87500e+00	-7.50000e-01	0.00000e+00
1.87500e+00	-6.25000e-01	0.00000e+00
1.87500e+00	-5.00000e-01	0.00000e+00
1.87500e+00	-3.75000e-01	0.00000e+00
1.87500e+00	-2.50000e-01	0.00000e+00
1.87500e+00	-1.25000e-01	0.00000e+00
1.87500e+00	0.00000e+00	0.00000e+00
1.87500e+00	1.25000e-01	0.00000e+00
1.87500e+00	2.50000e-01	0.00000e+00
1.87500e+00	3.75000e-01	0.00000e+00
1.87500e+00	5.00000e-01	0.00000e+00
1.87500e+00	6.25000e-01	0.00000e+00
1.87500e+00	7.50000e-01	0.00000e+00
1.87500e+00	8.75000e-01	0.00000e+00
1.87500e+00	1.00000e+00	0.00000e+00
1.87500e+00	1.12500e+00	0.00000e+00
1.87500e+00	1.25000e+00	0.00000e+00
1.87500e+00	1.37500e+00	0.00000e+00
1.87500e+00	1.50000e+00	0.00000e+00
1.87500e+00	1.62500e+00	0.00000e+00
1.87500e+00	1.75000e+00	0.00000e+00
1.87500e+00	1.87500e+00	0.00000e+00
